0.000010 0.000010 0.000010 0.109207 0.000010 0.000010 0.000010 0.000010 0.021481 0.000010 0.869202 0.000010 0.000010 0.000010
0.000010 0.000010 0.000010 0.000010 0.000010 0.000010 0.000010 0.000010 0.000010 0.000010 0.999870 0.000010 0.000010 0.000010
0.000010 0.000010 0.000010 0.000010 0.000010 0.000010 0.000010 0.000010 0.000010 0.000010 0.999870 0.000010 0.000010 0.000010
0.000010 0.000010 0.000010 0.000010 0.000010 0.000010 0.000010 0.000010 0.000010 0.000010 0.999870 0.000010 0.000010 0.000010
0.000010 0.000010 0.000010 0.000010 0.000010 0.000010 0.000010 0.000010 0.000010 0.000010 0.999870 0.000010 0.000010 0.000010
0.000010 0.000010 0.000010 0.000010 0.000010 0.000010 0.000010 0.000010 0.000010 0.000010 0.999870 0.000010 0.000010 0.000010
0.000010 0.000010 0.000010 0.000010 0.000010 0.000010 0.000010 0.000010 0.000010 0.000010 0.999870 0.000010 0.000010 0.000010
0.000010 0.000010 0.000010 0.000010 0.000010 0.000010 0.000010 0.000010 0.000010 0.000010 0.999870 0.000010 0.000010 0.000010
0.044379 0.000010 0.000010 0.000010 0.000010 0.000010 0.000010 0.000010 0.016687 0.000010 0.938825 0.000010 0.000010 0.000010
0.000010 0.000010 0.000010 0.000010 0.000010 0.000010 0.000010 0.000010 0.000010 0.105464 0.894416 0.000010 0.000010 0.000010
0.000010 0.000010 0.000010 0.000010 0.000010 0.000010 0.000010 0.000010 0.000010 0.000010 0.999870 0.000010 0.000010 0.000010
0.000010 0.000010 0.000010 0.000010 0.000010 0.506438 0.135689 0.000010 0.000010 0.000010 0.000010 0.357763 0.000010 0.000010
0.000010 0.000010 0.000010 0.039550 0.113966 0.331129 0.233648 0.000010 0.000010 0.000010 0.000010 0.281617 0.000010 0.000010
0.000010 0.000010 0.000010 0.000010 0.000010 0.423617 0.253435 0.000010 0.000010 0.000010 0.000010 0.322839 0.000010 0.000010
0.000010 0.000010 0.011552 0.000010 0.000010 0.950594 0.000010 0.000010 0.000010 0.000010 0.037744 0.000010 0.000010 0.000010
0.000010 0.000010 0.000010 0.000010 0.000010 0.965530 0.000010 0.000010 0.000010 0.000010 0.034350 0.000010 0.000010 0.000010
0.000010 0.000010 0.000010 0.000010 0.000010 0.880024 0.059928 0.000010 0.000010 0.000010 0.008840 0.051108 0.000010 0.000010
0.000010 0.000010 0.000010 0.000010 0.027140 0.935436 0.000010 0.000010 0.000010 0.000010 0.000010 0.000010 0.000010 0.037314
0.000010 0.000010 0.000010 0.000010 0.000010 0.967394 0.000010 0.000010 0.032486 0.000010 0.000010 0.000010 0.000010 0.000010
0.000010 0.000010 0.000010 0.000010 0.000010 0.999870 0.000010 0.000010 0.000010 0.000010 0.000010 0.000010 0.000010 0.000010
0.000010 0.000010 0.000010 0.124023 0.000010 0.874667 0.000010 0.000010 0.000010 0.000010 0.000010 0.000010 0.001200 0.000010
0.021901 0.000010 0.000010 0.015644 0.000010 0.894091 0.000010 0.000010 0.000010 0.000010 0.068264 0.000010 0.000010 0.000010
0.000010 0.000010 0.000010 0.000010 0.000010 0.993509 0.000010 0.000010 0.006371 0.000010 0.000010 0.000010 0.000010 0.000010
0.089551 0.000010 0.000010 0.035234 0.014015 0.820347 0.000010 0.000010 0.000010 0.000010 0.000010 0.000010 0.040764 0.000010
0.000010 0.000010 0.000010 0.155832 0.000010 0.749819 0.000010 0.000010 0.000010 0.000010 0.087830 0.000010 0.000010 0.006419
0.000010 0.000010 0.000010 0.000010 0.000010 0.968931 0.000010 0.000010 0.000010 0.000010 0.000010 0.000010 0.000010 0.030949
0.000010 0.000010 0.014832 0.000010 0.000010 0.967174 0.000010 0.000010 0.000010 0.017884 0.000010 0.000010 0.000010 0.000010
0.000010 0.000010 0.000010 0.059482 0.001434 0.837316 0.034722 0.000010 0.029328 0.000010 0.026700 0.000010 0.010948 0.000010
0.038040 0.000010 0.000010 0.000010 0.000010 0.961840 0.000010 0.000010 0.000010 0.000010 0.000010 0.000010 0.000010 0.000010
0.000010 0.000010 0.000010 0.000010 0.000010 0.934008 0.000010 0.065872 0.000010 0.000010 0.000010 0.000010 0.000010 0.000010
0.000010 0.000010 0.000010 0.157155 0.000010 0.828696 0.000010 0.000010 0.000010 0.000010 0.000010 0.000010 0.014039 0.000010
0.000010 0.000010 0.000010 0.266126 0.023536 0.332695 0.083849 0.000010 0.000010 0.044483 0.180068 0.060450 0.008732 0.000010
0.039166 0.000010 0.000010 0.367830 0.130864 0.294268 0.015942 0.000010 0.000010 0.000010 0.104183 0.034700 0.012988 0.000010
0.000010 0.000010 0.000010 0.165432 0.223333 0.420160 0.000010 0.000010 0.000010 0.000010 0.100839 0.055205 0.034950 0.000010
0.000010 0.000010 0.000010 0.324838 0.036597 0.403338 0.000010 0.000010 0.000010 0.000010 0.180078 0.055060 0.000010 0.000010
0.052809 0.000010 0.000010 0.576845 0.054664 0.076924 0.000010 0.037954 0.000010 0.000010 0.172724 0.028011 0.000010 0.000010
0.000010 0.000010 0.022347 0.977533 0.000010 0.000010 0.000010 0.000010 0.000010 0.000010 0.000010 0.000010 0.000010 0.000010
0.000010 0.000010 0.000010 0.613933 0.043190 0.000010 0.088123 0.000010 0.042476 0.000010 0.188968 0.023229 0.000010 0.000010
0.000010 0.000010 0.039156 0.646697 0.085441 0.152476 0.076140 0.000010 0.000010 0.000010 0.000010 0.000010 0.000010 0.000010
0.000010 0.000010 0.000010 0.954580 0.000010 0.000010 0.000010 0.000010 0.000010 0.004382 0.000010 0.000010 0.040928 0.000010
0.000010 0.000010 0.000010 0.999870 0.000010 0.000010 0.000010 0.000010 0.000010 0.000010 0.000010 0.000010 0.000010 0.000010
0.072298 0.000010 0.000010 0.583907 0.045331 0.153819 0.000010 0.006888 0.000010 0.000010 0.059750 0.067075 0.010872 0.000010
0.068308 0.000010 0.000010 0.928507 0.000010 0.000010 0.000010 0.000010 0.000010 0.003075 0.000010 0.000010 0.000010 0.000010
0.044231 0.000010 0.000010 0.672755 0.149410 0.000010 0.017892 0.000010 0.000010 0.011668 0.079417 0.024557 0.000010 0.000010
0.000010 0.000010 0.054091 0.876507 0.000010 0.000010 0.000010 0.000010 0.000010 0.000010 0.069293 0.000010 0.000010 0.000010
0.044296 0.000010 0.000010 0.924407 0.000010 0.000010 0.000010 0.000010 0.031187 0.000010 0.000010 0.000010 0.000010 0.000010
0.000010 0.000010 0.000010 0.760397 0.141683 0.000010 0.000010 0.024481 0.000010 0.000010 0.069927 0.003422 0.000010 0.000010
0.000010 0.000010 0.000010 0.634257 0.085299 0.079102 0.034762 0.000010 0.000010 0.000010 0.050707 0.098813 0.000010 0.016990
0.002397 0.000010 0.000010 0.669015 0.026398 0.139897 0.011579 0.000010 0.000010 0.028516 0.055614 0.066524 0.000010 0.000010
0.025297 0.000010 0.000010 0.967113 0.000010 0.004484 0.000010 0.000010 0.003005 0.000010 0.000010 0.000010 0.000010 0.000010
0.000010 0.000010 0.000010 0.814877 0.074278 0.000010 0.000010 0.000010 0.000010 0.000010 0.110735 0.000010 0.000010 0.000010
0.000010 0.000010 0.000010 0.714732 0.036219 0.000010 0.000010 0.000010 0.028870 0.000010 0.183586 0.036503 0.000010 0.000010
0.000010 0.000010 0.000010 0.967966 0.000010 0.000010 0.000010 0.000010 0.000010 0.000010 0.000010 0.000010 0.000010 0.031914
0.018733 0.000010 0.000010 0.834703 0.105148 0.000010 0.000010 0.000010 0.000010 0.000010 0.000010 0.000010 0.000010 0.041315
0.000010 0.000010 0.000010 0.034693 0.000010 0.040041 0.097621 0.000010 0.000010 0.026936 0.021069 0.779559 0.000010 0.000010
0.000010 0.000010 0.014989 0.000010 0.100295 0.025826 0.000010 0.000010 0.000010 0.000010 0.000010 0.858789 0.000010 0.000010
0.097486 0.000010 0.000010 0.143768 0.000010 0.000010 0.000010 0.000010 0.000010 0.000010 0.000010 0.751884 0.006762 0.000010
0.104574 0.000010 0.000010 0.011044 0.000010 0.120078 0.000010 0.000010 0.000010 0.000010 0.000010 0.764204 0.000010 0.000010
0.000010 0.000010 0.000010 0.000010 0.000010 0.000010 0.000010 0.000010 0.000010 0.000010 0.000010 0.999870 0.000010 0.000010
0.000010 0.000010 0.000010 0.000010 0.000010 0.000010 0.000010 0.000010 0.000010 0.000010 0.000010 0.999870 0.000010 0.000010
0.000010 0.000010 0.000010 0.000010 0.000010 0.000010 0.000010 0.000010 0.000010 0.000010 0.000010 0.999870 0.000010 0.000010
0.018114 0.000010 0.000010 0.000010 0.000010 0.000010 0.000010 0.000010 0.000010 0.000010 0.000010 0.981766 0.000010 0.000010
0.000010 0.000010 0.000010 0.000010 0.000010 0.000010 0.000010 0.000010 0.000010 0.000010 0.000010 0.999870 0.000010 0.000010
0.000010 0.000010 0.000010 0.000010 0.000010 0.000010 0.000010 0.000010 0.000010 0.000010 0.000010 0.999870 0.000010 0.000010
0.092483 0.000010 0.000010 0.000010 0.063622 0.056789 0.000010 0.000010 0.001161 0.000010 0.000010 0.785855 0.000010 0.000010
0.050397 0.000010 0.000010 0.000010 0.021065 0.000010 0.000010 0.000010 0.025031 0.000010 0.000010 0.903407 0.000010 0.000010
0.084397 0.000010 0.000010 0.000010 0.143880 0.000010 0.000010 0.000010 0.000010 0.000010 0.000010 0.750263 0.014027 0.007343
0.106258 0.000010 0.000010 0.000010 0.132441 0.000010 0.000010 0.000010 0.030138 0.000010 0.017251 0.713822 0.000010 0.000010
0.000010 0.000010 0.000010 0.000010 0.000010 0.000010 0.032343 0.000010 0.004542 0.000010 0.000011 0.963005 0.000010 0.000010
0.000010 0.000010 0.000010 0.000010 0.041758 0.000010 0.000010 0.021906 0.000010 0.000010 0.000010 0.936226 0.000010 0.000010
0.294901 0.000010 0.000010 0.000010 0.000010 0.000010 0.000010 0.209428 0.000010 0.000010 0.071762 0.423810 0.000010 0.000010
0.000010 0.000010 0.000010 0.000010 0.000010 0.000010 0.000010 0.000010 0.000010 0.000010 0.000010 0.999870 0.000010 0.000010
0.000010 0.000010 0.000010 0.000010 0.000010 0.033803 0.065057 0.000010 0.000010 0.000669 0.058832 0.841550 0.000010 0.000010
0.090384 0.000010 0.000010 0.032473 0.117987 0.000010 0.000010 0.059164 0.000010 0.000010 0.010783 0.689129 0.000010 0.000010
0.000010 0.972478 0.027402 0.000010 0.000010 0.000010 0.000010 0.000010 0.000010 0.000010 0.000010 0.000010 0.000010 0.000010
0.000010 0.975301 0.024579 0.000010 0.000010 0.000010 0.000010 0.000010 0.000010 0.000010 0.000010 0.000010 0.000010 0.000010
0.000010 0.994016 0.000010 0.000010 0.000010 0.000010 0.000010 0.000010 0.005794 0.000010 0.000010 0.000010 0.000080 0.000010
0.000010 0.999870 0.000010 0.000010 0.000010 0.000010 0.000010 0.000010 0.000010 0.000010 0.000010 0.000010 0.000010 0.000010
0.000010 0.999870 0.000010 0.000010 0.000010 0.000010 0.000010 0.000010 0.000010 0.000010 0.000010 0.000010 0.000010 0.000010
0.000010 0.990935 0.000010 0.000010 0.000010 0.000010 0.000010 0.000010 0.000010 0.008945 0.000010 0.000010 0.000010 0.000010
0.000010 0.999870 0.000010 0.000010 0.000010 0.000010 0.000010 0.000010 0.000010 0.000010 0.000010 0.000010 0.000010 0.000010
0.000010 0.999870 0.000010 0.000010 0.000010 0.000010 0.000010 0.000010 0.000010 0.000010 0.000010 0.000010 0.000010 0.000010
0.000010 0.967937 0.031943 0.000010 0.000010 0.000010 0.000010 0.000010 0.000010 0.000010 0.000010 0.000010 0.000010 0.000010
0.000010 0.928521 0.000010 0.000010 0.000010 0.000010 0.000010 0.000010 0.009790 0.000010 0.000010 0.000010 0.061578 0.000010
0.000010 0.999870 0.000010 0.000010 0.000010 0.000010 0.000010 0.000010 0.000010 0.000010 0.000010 0.000010 0.000010 0.000010
0.000010 0.990655 0.000010 0.000010 0.000010 0.000010 0.000010 0.000010 0.000010 0.000010 0.000010 0.000010 0.009225 0.000010
0.000010 0.994989 0.000010 0.000010 0.000010 0.000010 0.000010 0.004891 0.000010 0.000010 0.000010 0.000010 0.000010 0.000010
0.000010 0.999870 0.000010 0.000010 0.000010 0.000010 0.000010 0.000010 0.000010 0.000010 0.000010 0.000010 0.000010 0.000010
0.000010 0.964611 0.035269 0.000010 0.000010 0.000010 0.000010 0.000010 0.000010 0.000010 0.000010 0.000010 0.000010 0.000010
0.000010 0.999870 0.000010 0.000010 0.000010 0.000010 0.000010 0.000010 0.000010 0.000010 0.000010 0.000010 0.000010 0.000010
0.000010 0.999870 0.000010 0.000010 0.000010 0.000010 0.000010 0.000010 0.000010 0.000010 0.000010 0.000010 0.000010 0.000010
0.000010 0.999870 0.000010 0.000010 0.000010 0.000010 0.000010 0.000010 0.000010 0.000010 0.000010 0.000010 0.000010 0.000010
0.000010 0.870391 0.000010 0.000010 0.000010 0.000010 0.000010 0.000010 0.000010 0.000010 0.000010 0.000010 0.129489 0.000010
0.000010 0.999870 0.000010 0.000010 0.000010 0.000010 0.000010 0.000010 0.000010 0.000010 0.000010 0.000010 0.000010 0.000010
0.000010 0.999870 0.000010 0.000010 0.000010 0.000010 0.000010 0.000010 0.000010 0.000010 0.000010 0.000010 0.000010 0.000010
0.000010 0.999870 0.000010 0.000010 0.000010 0.000010 0.000010 0.000010 0.000010 0.000010 0.000010 0.000010 0.000010 0.000010
0.000010 0.999870 0.000010 0.000010 0.000010 0.000010 0.000010 0.000010 0.000010 0.000010 0.000010 0.000010 0.000010 0.000010
0.000010 0.980905 0.000010 0.000010 0.000010 0.000010 0.000010 0.000010 0.000010 0.000010 0.000010 0.000010 0.018975 0.000010
0.000010 0.905358 0.000010 0.000010 0.000010 0.000010 0.000010 0.091990 0.000010 0.002541 0.000010 0.000010 0.000010 0.000010
0.000010 0.880408 0.000010 0.000010 0.000010 0.000010 0.000010 0.119472 0.000010 0.000010 0.000010 0.000010 0.000010 0.000010
0.000010 0.999870 0.000010 0.000010 0.000010 0.000010 0.000010 0.000010 0.000010 0.000010 0.000010 0.000010 0.000010 0.000010
0.000010 0.896438 0.000010 0.000010 0.000010 0.000010 0.000010 0.103442 0.000010 0.000010 0.000010 0.000010 0.000010 0.000010
0.000010 0.977342 0.000010 0.000010 0.000010 0.000010 0.000010 0.000010 0.022538 0.000010 0.000010 0.000010 0.000010 0.000010
0.218099 0.000010 0.000010 0.058465 0.000010 0.000010 0.705758 0.000010 0.017578 0.000010 0.000010 0.000010 0.000010 0.000010
0.358662 0.000010 0.000010 0.000010 0.000010 0.000010 0.558408 0.016310 0.000010 0.000010 0.066521 0.000010 0.000010 0.000010
0.332243 0.000010 0.000010 0.000010 0.000010 0.000010 0.656004 0.000010 0.000010 0.000010 0.000010 0.000010 0.000010 0.011642
0.999870 0.000010 0.000010 0.000010 0.000010 0.000010 0.000010 0.000010 0.000010 0.000010 0.000010 0.000010 0.000010 0.000010
0.999870 0.000010 0.000010 0.000010 0.000010 0.000010 0.000010 0.000010 0.000010 0.000010 0.000010 0.000010 0.000010 0.000010
0.511078 0.000010 0.026254 0.000010 0.000010 0.000010 0.462558 0.000010 0.000010 0.000010 0.000010 0.000010 0.000010 0.000010
0.599424 0.000010 0.000010 0.000010 0.000010 0.082866 0.317600 0.000010 0.000010 0.000010 0.000010 0.000010 0.000010 0.000010
0.509552 0.000010 0.000010 0.000010 0.000010 0.000010 0.446151 0.000010 0.000010 0.002447 0.000010 0.000010 0.041750 0.000010
0.469837 0.000010 0.000010 0.000010 0.067498 0.000010 0.443655 0.000010 0.000010 0.000010 0.000010 0.018910 0.000010 0.000010
0.133694 0.000010 0.003799 0.041514 0.000010 0.014110 0.627662 0.000010 0.024634 0.000010 0.054576 0.099951 0.000010 0.000010
0.057110 0.000010 0.043142 0.219147 0.024001 0.015268 0.626359 0.000010 0.000010 0.000010 0.000010 0.014902 0.000010 0.000010
0.999870 0.000010 0.000010 0.000010 0.000010 0.000010 0.000010 0.000010 0.000010 0.000010 0.000010 0.000010 0.000010 0.000010
0.059374 0.000013 0.014508 0.000010 0.041849 0.073526 0.743950 0.000010 0.000010 0.021630 0.019291 0.025809 0.000010 0.000010
0.000010 0.000010 0.000010 0.149807 0.033457 0.002731 0.770014 0.000010 0.000010 0.000010 0.000010 0.013939 0.026348 0.003633
0.000010 0.000010 0.000010 0.000010 0.023460 0.000010 0.809589 0.041011 0.000010 0.000010 0.033204 0.091217 0.000010 0.001439
0.087183 0.000010 0.009385 0.056304 0.000053 0.000010 0.846985 0.000010 0.000010 0.000010 0.000010 0.000010 0.000010 0.000010
0.000010 0.000010 0.000010 0.019390 0.000010 0.023485 0.810066 0.000010 0.044419 0.000010 0.000010 0.102551 0.000010 0.000010
0.038227 0.000010 0.000010 0.065898 0.000010 0.000010 0.827418 0.021631 0.000010 0.017662 0.029084 0.000010 0.000010 0.000010
0.099851 0.000010 0.066071 0.000010 0.000010 0.030986 0.796898 0.000010 0.000010 0.000010 0.006103 0.000010 0.000010 0.000010
0.279895 0.000010 0.005308 0.000010 0.017434 0.000010 0.696900 0.000010 0.000010 0.000010 0.000010 0.000373 0.000010 0.000010
0.036184 0.005011 0.023850 0.064087 0.034181 0.000010 0.714556 0.000010 0.004883 0.000010 0.056268 0.060930 0.000010 0.000010
0.000010 0.000010 0.000010 0.000010 0.000010 0.000010 0.939758 0.060122 0.000010 0.000010 0.000010 0.000010 0.000010 0.000010
0.101518 0.000010 0.000010 0.000010 0.046988 0.043557 0.773073 0.034775 0.000010 0.000010 0.000010 0.000010 0.000010 0.000010
0.199669 0.000010 0.000010 0.044905 0.000010 0.000010 0.724657 0.000010 0.000010 0.000010 0.030669 0.000010 0.000010 0.000010
0.297398 0.000010 0.000010 0.032178 0.053762 0.000010 0.573832 0.042739 0.000010 0.000010 0.000010 0.000010 0.000010 0.000010
0.180286 0.000010 0.015498 0.030658 0.140090 0.000010 0.556259 0.000010 0.000010 0.000010 0.038218 0.038920 0.000010 0.000010
0.089694 0.000010 0.000010 0.064219 0.000010 0.017683 0.696892 0.000010 0.000010 0.047427 0.007873 0.076142 0.000010 0.000010
0.117465 0.000010 0.071724 0.089191 0.000010 0.000010 0.709265 0.000010 0.000010 0.000010 0.000010 0.000010 0.000010 0.012265
0.001942 0.000010 0.000010 0.059232 0.000010 0.000010 0.819671 0.000010 0.000010 0.000010 0.000010 0.103003 0.007951 0.008122
0.094523 0.000010 0.000010 0.136715 0.000010 0.000010 0.768653 0.000010 0.000010 0.000010 0.000010 0.000010 0.000010 0.000010
0.219917 0.000010 0.025928 0.000010 0.089640 0.000010 0.559375 0.000010 0.000010 0.000010 0.000010 0.105050 0.000010 0.000010
0.020485 0.000010 0.025960 0.000010 0.027008 0.000010 0.677469 0.000010 0.000010 0.000010 0.120761 0.128237 0.000010 0.000010
0.050421 0.000010 0.000010 0.000010 0.000010 0.010591 0.847577 0.000010 0.000010 0.000010 0.017713 0.047804 0.020314 0.005511
0.000010 0.000010 0.000010 0.000010 0.004900 0.090315 0.789709 0.000010 0.000010 0.000010 0.070031 0.000010 0.044955 0.000010
0.000825 0.000010 0.000010 0.000010 0.078382 0.000010 0.776945 0.000010 0.000010 0.014374 0.076910 0.027887 0.024607 0.000010
0.108980 0.000010 0.000010 0.016172 0.044291 0.009185 0.662565 0.012635 0.000010 0.019081 0.056841 0.070202 0.000010 0.000010
0.145357 0.000010 0.000010 0.000010 0.023309 0.071546 0.649546 0.000010 0.000010 0.000010 0.084289 0.000010 0.000010 0.025873
0.000010 0.000010 0.000010 0.000010 0.023332 0.000010 0.728634 0.013158 0.037159 0.000010 0.153968 0.043668 0.000010 0.000010
0.010627 0.000010 0.000010 0.000010 0.000010 0.019461 0.751213 0.013636 0.030828 0.000010 0.098394 0.075772 0.000010 0.000010
0.000010 0.000010 0.000010 0.000010 0.000010 0.045705 0.796587 0.000010 0.000010 0.010165 0.147442 0.000010 0.000010 0.000010
0.026277 0.049055 0.011850 0.008998 0.018245 0.041889 0.025113 0.040766 0.002865 0.115036 0.428775 0.016400 0.192525 0.022206
0.000010 0.000010 0.000010 0.029572 0.036990 0.000010 0.724968 0.000010 0.000010 0.000010 0.181249 0.000010 0.015128 0.012012
0.097879 0.000010 0.035773 0.035604 0.000010 0.000010 0.640655 0.033411 0.000010 0.000010 0.060969 0.095639 0.000010 0.000010
0.000010 0.000010 0.048587 0.000010 0.000010 0.098277 0.853026 0.000010 0.000010 0.000010 0.000010 0.000010 0.000010 0.000010
0.000010 0.000010 0.999870 0.000010 0.000010 0.000010 0.000010 0.000010 0.000010 0.000010 0.000010 0.000010 0.000010 0.000010
0.000010 0.000010 0.999870 0.000010 0.000010 0.000010 0.000010 0.000010 0.000010 0.000010 0.000010 0.000010 0.000010 0.000010
0.000010 0.000010 0.999870 0.000010 0.000010 0.000010 0.000010 0.000010 0.000010 0.000010 0.000010 0.000010 0.000010 0.000010
0.000010 0.000010 0.999870 0.000010 0.000010 0.000010 0.000010 0.000010 0.000010 0.000010 0.000010 0.000010 0.000010 0.000010
0.000010 0.000010 0.999866 0.000010 0.000010 0.000010 0.000010 0.000010 0.000010 0.000010 0.000014 0.000010 0.000010 0.000010
0.000010 0.000010 0.999870 0.000010 0.000010 0.000010 0.000010 0.000010 0.000010 0.000010 0.000010 0.000010 0.000010 0.000010
0.000010 0.000010 0.999870 0.000010 0.000010 0.000010 0.000010 0.000010 0.000010 0.000010 0.000010 0.000010 0.000010 0.000010
0.000010 0.000010 0.999870 0.000010 0.000010 0.000010 0.000010 0.000010 0.000010 0.000010 0.000010 0.000010 0.000010 0.000010
0.000010 0.000010 0.749107 0.000010 0.000010 0.000010 0.000010 0.187641 0.000010 0.000010 0.063142 0.000010 0.000010 0.000010
0.000010 0.000010 0.000016 0.000010 0.000010 0.000010 0.000010 0.000012 0.537729 0.292951 0.000010 0.000010 0.000010 0.169202
0.000010 0.000010 0.000010 0.000010 0.000010 0.000010 0.000010 0.000010 0.000010 0.726755 0.000010 0.000010 0.000010 0.273125
0.000010 0.000010 0.000010 0.000010 0.000010 0.000010 0.000010 0.000010 0.502545 0.085414 0.000010 0.000010 0.000010 0.411931
0.000010 0.000010 0.000010 0.000010 0.000010 0.000010 0.000010 0.000010 0.000010 0.999870 0.000010 0.000010 0.000010 0.000010
0.000010 0.000010 0.000010 0.000010 0.000010 0.000010 0.000010 0.000010 0.000010 0.000010 0.000010 0.000010 0.000010 0.999870
0.000010 0.000010 0.000010 0.000010 0.000010 0.000010 0.000010 0.000010 0.644029 0.355851 0.000010 0.000010 0.000010 0.000010
0.000010 0.000010 0.000010 0.000010 0.000010 0.000010 0.000010 0.000010 0.000010 0.999870 0.000010 0.000010 0.000010 0.000010
0.000010 0.000010 0.000010 0.000010 0.000010 0.000010 0.000010 0.000010 0.999870 0.000010 0.000010 0.000010 0.000010 0.000010
0.000010 0.000010 0.000010 0.000010 0.000010 0.000010 0.000010 0.000010 0.000010 0.000010 0.000010 0.000010 0.000010 0.999870
0.000010 0.000010 0.000010 0.000010 0.000010 0.000010 0.000010 0.000010 0.604765 0.000010 0.000010 0.000010 0.000010 0.395115
0.000010 0.000010 0.000010 0.000010 0.000010 0.000010 0.000010 0.000010 0.999870 0.000010 0.000010 0.000010 0.000010 0.000010
0.000010 0.000010 0.000010 0.000010 0.000010 0.000010 0.000010 0.000010 0.999870 0.000010 0.000010 0.000010 0.000010 0.000010
0.000010 0.000010 0.000010 0.000010 0.000010 0.000010 0.000010 0.000010 0.683984 0.315896 0.000010 0.000010 0.000010 0.000010
0.000010 0.000010 0.000010 0.000010 0.000010 0.000010 0.000010 0.000010 0.468938 0.530942 0.000010 0.000010 0.000010 0.000010
0.000010 0.000010 0.000010 0.000010 0.000010 0.000010 0.000010 0.000010 0.538046 0.000010 0.000010 0.000010 0.000010 0.461834
0.000010 0.000010 0.000010 0.000019 0.000010 0.000010 0.000010 0.000010 0.302135 0.304462 0.000010 0.000010 0.000010 0.393284
0.000010 0.000010 0.000010 0.000010 0.000010 0.000010 0.000010 0.000010 0.345080 0.654800 0.000010 0.000010 0.000010 0.000010
0.000010 0.000010 0.000010 0.000010 0.000010 0.000010 0.000010 0.000010 0.666746 0.000010 0.000010 0.000010 0.000010 0.333134
0.000010 0.000010 0.000010 0.000010 0.000010 0.000010 0.000010 0.000010 0.999870 0.000010 0.000010 0.000010 0.000010 0.000010
0.000010 0.000010 0.000010 0.000010 0.000010 0.000010 0.000010 0.000010 0.000010 0.000010 0.000010 0.000010 0.000010 0.999870
0.000010 0.000010 0.000010 0.000010 0.000010 0.000010 0.000010 0.000010 0.487776 0.512104 0.000010 0.000010 0.000010 0.000010
0.000010 0.000010 0.000010 0.000010 0.000010 0.000010 0.000010 0.000010 0.000010 0.529026 0.000010 0.000010 0.000010 0.470854
0.000010 0.000010 0.000010 0.000010 0.000010 0.000010 0.000010 0.000010 0.000010 0.999870 0.000010 0.000010 0.000010 0.000010
0.000010 0.000010 0.000010 0.000010 0.000010 0.000010 0.000010 0.000010 0.245677 0.754203 0.000010 0.000010 0.000010 0.000010
0.000010 0.000010 0.000010 0.000010 0.000010 0.000010 0.000010 0.000010 0.000010 0.000010 0.000010 0.000010 0.000010 0.999870
0.000010 0.000010 0.000010 0.000010 0.999870 0.000010 0.000010 0.000010 0.000010 0.000010 0.000010 0.000010 0.000010 0.000010
0.172081 0.000010 0.000010 0.056931 0.567328 0.079849 0.000010 0.009464 0.000010 0.000010 0.004774 0.088086 0.000010 0.021426
0.123375 0.000010 0.040799 0.071726 0.688881 0.018392 0.000010 0.000010 0.000010 0.014586 0.000010 0.042171 0.000010 0.000010
0.086050 0.000010 0.000010 0.000010 0.874644 0.000010 0.000010 0.000010 0.039196 0.000010 0.000010 0.000010 0.000010 0.000010
0.000010 0.000010 0.000010 0.000010 0.999870 0.000010 0.000010 0.000010 0.000010 0.000010 0.000010 0.000010 0.000010 0.000010
0.000010 0.000010 0.000010 0.000010 0.981338 0.000010 0.000010 0.018542 0.000010 0.000010 0.000010 0.000010 0.000010 0.000010
0.157053 0.000010 0.000010 0.055824 0.509602 0.108704 0.000010 0.000010 0.000010 0.050549 0.061372 0.056827 0.000010 0.000010
0.000010 0.000010 0.000010 0.000010 0.999870 0.000010 0.000010 0.000010 0.000010 0.000010 0.000010 0.000010 0.000010 0.000010
0.000010 0.000010 0.000010 0.000010 0.999870 0.000010 0.000010 0.000010 0.000010 0.000010 0.000010 0.000010 0.000010 0.000010
0.000010 0.000010 0.000010 0.000010 0.999870 0.000010 0.000010 0.000010 0.000010 0.000010 0.000010 0.000010 0.000010 0.000010
0.056045 0.000010 0.000010 0.262043 0.591017 0.066395 0.000010 0.000010 0.012396 0.000010 0.012023 0.000010 0.000010 0.000010
0.025023 0.000010 0.000010 0.000010 0.765213 0.000010 0.000010 0.000010 0.000010 0.000010 0.152957 0.000010 0.000010 0.056707
0.000010 0.000010 0.178859 0.000010 0.000010 0.000010 0.000010 0.101703 0.000010 0.030824 0.000010 0.000010 0.688513 0.000010
0.000010 0.020538 0.078232 0.000010 0.000010 0.000010 0.000010 0.143566 0.000010 0.018795 0.000010 0.000010 0.738780 0.000010
0.000010 0.000010 0.000010 0.000010 0.000010 0.000010 0.000010 0.000010 0.000010 0.033851 0.000010 0.000010 0.966029 0.000010
0.000010 0.005085 0.244933 0.000010 0.000010 0.000010 0.000010 0.000010 0.049547 0.000010 0.000010 0.000010 0.700335 0.000010
0.000010 0.000010 0.000010 0.000010 0.000010 0.000010 0.000010 0.000010 0.061675 0.000010 0.000010 0.000010 0.938205 0.000010
0.000010 0.004482 0.168723 0.000010 0.000010 0.000010 0.000010 0.044182 0.000010 0.000010 0.000010 0.000010 0.736142 0.046380
0.000010 0.000010 0.000010 0.000010 0.000010 0.000010 0.000010 0.244382 0.000010 0.000010 0.000010 0.000010 0.755498 0.000010
0.000010 0.039410 0.000010 0.000010 0.000010 0.000010 0.000010 0.000010 0.000010 0.052195 0.000010 0.000010 0.908285 0.000010
0.000010 0.000010 0.000010 0.000010 0.000010 0.000010 0.000010 0.291359 0.026137 0.000010 0.000017 0.000010 0.682387 0.000010
0.000010 0.000010 0.293778 0.000010 0.000010 0.000010 0.000010 0.430607 0.000010 0.000010 0.000010 0.000010 0.275506 0.000010
0.000010 0.000010 0.000010 0.000010 0.000010 0.000010 0.000010 0.000010 0.000010 0.000010 0.000010 0.000010 0.999870 0.000010
0.000010 0.000010 0.000010 0.000010 0.000010 0.000010 0.000010 0.159245 0.000010 0.000010 0.000010 0.000010 0.840635 0.000010
0.000010 0.000010 0.000010 0.000010 0.000010 0.000010 0.000010 0.141504 0.000010 0.000010 0.000010 0.000010 0.836013 0.022372
0.000010 0.044185 0.108079 0.000010 0.000010 0.000010 0.000010 0.000010 0.000010 0.023291 0.000010 0.000010 0.824346 0.000010
0.000010 0.024482 0.000010 0.000010 0.000010 0.000010 0.000010 0.000010 0.000010 0.000010 0.000010 0.000010 0.975398 0.000010
0.000010 0.000010 0.000010 0.000010 0.000010 0.000010 0.000010 0.344396 0.000010 0.000010 0.000010 0.000010 0.645158 0.010336
0.000010 0.013073 0.238886 0.000010 0.000010 0.000010 0.000010 0.071565 0.000010 0.000010 0.000010 0.000010 0.663005 0.013382
0.000010 0.000010 0.123761 0.000010 0.000010 0.000010 0.000010 0.254592 0.026421 0.000010 0.000010 0.000010 0.595127 0.000010
0.000010 0.000010 0.123404 0.000010 0.000010 0.000010 0.000010 0.044804 0.023986 0.000010 0.000010 0.000010 0.807706 0.000010
0.000010 0.000010 0.036698 0.000010 0.000010 0.000010 0.000010 0.324153 0.000010 0.000010 0.000010 0.000010 0.639039 0.000010
0.000010 0.000010 0.000010 0.000010 0.000010 0.000010 0.000010 0.000010 0.000010 0.029268 0.000010 0.000010 0.970612 0.000010
0.000010 0.000010 0.407976 0.000010 0.000010 0.000010 0.000010 0.079164 0.000010 0.015427 0.000010 0.000010 0.497332 0.000010
0.000010 0.022321 0.094226 0.000010 0.000010 0.000010 0.000010 0.000010 0.000010 0.000010 0.000010 0.000010 0.859973 0.023380
0.000010 0.016163 0.163541 0.000010 0.000010 0.000010 0.000010 0.000010 0.000010 0.000010 0.000010 0.000010 0.820187 0.000010
0.000010 0.000010 0.225508 0.000010 0.000010 0.000010 0.000010 0.182826 0.000010 0.000010 0.000010 0.000010 0.591556 0.000010
0.000010 0.000010 0.202190 0.000010 0.000010 0.000010 0.000010 0.186531 0.000010 0.000010 0.000010 0.000010 0.611169 0.000010
0.000010 0.000010 0.000010 0.000010 0.000010 0.000010 0.000010 0.000010 0.000010 0.000010 0.000010 0.000010 0.971857 0.028023
0.000010 0.084039 0.188042 0.000010 0.000010 0.000010 0.000010 0.056001 0.008475 0.000010 0.000010 0.000010 0.663353 0.000010
0.000010 0.071461 0.079238 0.000010 0.000010 0.000010 0.000010 0.000010 0.000010 0.000010 0.000010 0.000010 0.800945 0.048256
0.000010 0.000010 0.184218 0.000010 0.000010 0.000010 0.000010 0.039722 0.000010 0.009411 0.000010 0.000010 0.766549 0.000010
0.000010 0.000010 0.423517 0.000010 0.000010 0.000010 0.000010 0.078166 0.000010 0.000010 0.000010 0.000010 0.498207 0.000010
0.000010 0.000010 0.000010 0.000010 0.000010 0.000010 0.000010 0.000010 0.031021 0.000010 0.000010 0.000010 0.968859 0.000010
0.000010 0.000010 0.000010 0.000010 0.000010 0.000010 0.000010 0.999870 0.000010 0.000010 0.000010 0.000010 0.000010 0.000010
0.000010 0.000010 0.000010 0.000010 0.000010 0.000010 0.000010 0.999870 0.000010 0.000010 0.000010 0.000010 0.000010 0.000010
0.000010 0.319339 0.074090 0.000010 0.000010 0.000010 0.000010 0.591508 0.000010 0.000010 0.000010 0.000010 0.000010 0.014963
0.000010 0.239628 0.101968 0.000010 0.000010 0.000010 0.000010 0.658293 0.000010 0.000010 0.000010 0.000010 0.000010 0.000010
0.000010 0.000010 0.148173 0.000010 0.000010 0.000010 0.000010 0.851707 0.000010 0.000010 0.000010 0.000010 0.000010 0.000010
0.000010 0.249067 0.064970 0.000010 0.000010 0.000010 0.000010 0.479058 0.040046 0.000010 0.000010 0.000010 0.166769 0.000010
0.000010 0.241422 0.000010 0.000010 0.000010 0.000010 0.000010 0.227990 0.035699 0.000010 0.000010 0.000010 0.494790 0.000010
0.000010 0.274166 0.000010 0.000010 0.000010 0.000010 0.000010 0.437318 0.000010 0.002985 0.000010 0.000010 0.285431 0.000010
0.000010 0.000010 0.000010 0.000010 0.000010 0.000010 0.000010 0.999870 0.000010 0.000010 0.000010 0.000010 0.000010 0.000010
0.000010 0.000010 0.000010 0.000010 0.000010 0.000010 0.000010 0.999870 0.000010 0.000010 0.000010 0.000010 0.000010 0.000010
0.000010 0.000010 0.000010 0.000010 0.000010 0.000010 0.000010 0.999870 0.000010 0.000010 0.000010 0.000010 0.000010 0.000010
0.000010 0.680018 0.000010 0.000010 0.000010 0.000010 0.000010 0.210158 0.000010 0.000010 0.000010 0.000010 0.109714 0.000010
0.000010 0.000010 0.000010 0.000010 0.000010 0.000010 0.000010 0.999870 0.000010 0.000010 0.000010 0.000010 0.000010 0.000010
0.000010 0.052539 0.000010 0.000010 0.000010 0.000010 0.000010 0.947341 0.000010 0.000010 0.000010 0.000010 0.000010 0.000010
0.000010 0.200630 0.000010 0.000010 0.000010 0.000010 0.000010 0.754744 0.044516 0.000010 0.000010 0.000010 0.000010 0.000010
0.000010 0.326538 0.000010 0.000010 0.000010 0.000010 0.000010 0.214432 0.000010 0.000010 0.000010 0.000010 0.416654 0.042276
0.000010 0.120698 0.147807 0.000010 0.000010 0.000010 0.000010 0.731384 0.000010 0.000010 0.000010 0.000010 0.000010 0.000010
0.000010 0.000010 0.182715 0.000010 0.000010 0.000010 0.000010 0.812473 0.004702 0.000010 0.000010 0.000010 0.000010 0.000010
0.000010 0.000010 0.179053 0.000010 0.000010 0.000010 0.000010 0.820827 0.000010 0.000010 0.000010 0.000010 0.000010 0.000010
0.000010 0.168911 0.027585 0.000010 0.000010 0.000010 0.000010 0.495317 0.008437 0.000010 0.000010 0.000010 0.299661 0.000010
0.000010 0.197346 0.025955 0.000010 0.000010 0.000010 0.000010 0.254497 0.000010 0.000010 0.000010 0.000010 0.490449 0.031663
0.000010 0.181428 0.000010 0.000010 0.000010 0.000010 0.000010 0.557867 0.008812 0.000010 0.000010 0.000010 0.251793 0.000010
0.000010 0.580933 0.145737 0.000010 0.000010 0.000010 0.000010 0.273220 0.000010 0.000010 0.000010 0.000010 0.000010 0.000010
0.000010 0.352596 0.000010 0.000010 0.000010 0.000010 0.000010 0.285699 0.000010 0.027899 0.000010 0.000010 0.333706 0.000010
0.000010 0.010645 0.287091 0.000010 0.000010 0.000010 0.000010 0.702154 0.000010 0.000010 0.000010 0.000010 0.000010 0.000010
0.000010 0.098714 0.120327 0.000010 0.000010 0.000010 0.000010 0.542330 0.000010 0.000010 0.000010 0.000010 0.181404 0.057135
0.000010 0.201572 0.095321 0.000010 0.000010 0.000010 0.000010 0.395629 0.000010 0.007152 0.000010 0.000010 0.300236 0.000010
0.000010 0.567044 0.043846 0.000010 0.000010 0.000010 0.000010 0.214243 0.002323 0.000010 0.000010 0.000010 0.172454 0.000010
0.000010 0.125465 0.173875 0.000010 0.000010 0.000010 0.000010 0.700351 0.000209 0.000010 0.000010 0.000010 0.000010 0.000010
0.000010 0.557593 0.050271 0.000010 0.000010 0.000010 0.000010 0.392026 0.000010 0.000010 0.000010 0.000010 0.000010 0.000010
