0.000010 0.000010 0.999980
0.000010 0.000010 0.999980
0.000010 0.026668 0.973322
0.000010 0.006336 0.993654
0.000010 0.000010 0.999980
0.000010 0.000010 0.999980
0.000010 0.042681 0.957309
0.000010 0.000010 0.999980
0.000010 0.023350 0.976640
0.065181 0.000010 0.934809
0.000010 0.015592 0.984398
0.000010 0.000010 0.999980
0.004064 0.006924 0.989012
0.000012 0.000010 0.999978
0.012950 0.000010 0.987040
0.014160 0.000010 0.985830
0.000010 0.014836 0.985154
0.051083 0.000010 0.948907
0.040714 0.000010 0.959276
0.000010 0.013388 0.986602
0.004076 0.019752 0.976172
0.000010 0.016146 0.983844
0.031572 0.000010 0.968418
0.004613 0.046916 0.948471
0.011281 0.010674 0.978045
0.033550 0.025639 0.940811
0.029877 0.017161 0.952962
0.021795 0.026954 0.951251
0.000010 0.024242 0.975748
0.020720 0.055770 0.923509
0.020722 0.000010 0.979268
0.054966 0.000010 0.945024
0.000010 0.019870 0.980120
0.000010 0.037181 0.962809
0.001073 0.010204 0.988723
0.014064 0.023313 0.962623
0.000010 0.038385 0.961605
0.044831 0.000010 0.955159
0.021243 0.009109 0.969648
0.048416 0.011267 0.940316
0.000010 0.017382 0.982608
0.004007 0.014842 0.981151
0.031782 0.000010 0.968208
0.024769 0.000010 0.975221
0.024978 0.000010 0.975012
0.049213 0.000010 0.950777
0.020503 0.004936 0.974561
0.027120 0.000010 0.972870
0.041290 0.000010 0.958700
0.020948 0.000010 0.979042
0.005355 0.000010 0.994635
0.044365 0.000010 0.955625
0.046333 0.000010 0.953657
0.054846 0.000010 0.945144
0.057877 0.000010 0.942113
0.035663 0.013764 0.950572
0.010599 0.021706 0.967695
0.020955 0.013482 0.965563
0.039984 0.000010 0.960006
0.041221 0.000010 0.958769
0.008514 0.027241 0.964245
0.012959 0.017880 0.969160
0.052122 0.003202 0.944676
0.049002 0.000010 0.950988
0.017666 0.033707 0.948627
0.041985 0.021335 0.936680
0.043893 0.005330 0.950778
0.055417 0.000010 0.944573
0.047530 0.000010 0.952460
0.033300 0.048807 0.917894
0.104820 0.064173 0.831007
0.028423 0.023944 0.947633
0.032288 0.006308 0.961405
0.038575 0.025325 0.936100
0.000010 0.999980 0.000010
0.000010 0.999980 0.000010
0.000010 0.999980 0.000010
0.000010 0.999980 0.000010
0.000010 0.999980 0.000010
0.000580 0.999410 0.000010
0.000010 0.999980 0.000010
0.000010 0.999980 0.000010
0.000010 0.999980 0.000010
0.000010 0.999980 0.000010
0.000010 0.999980 0.000010
0.000010 0.999980 0.000010
0.000010 0.999980 0.000010
0.009383 0.990607 0.000010
0.000010 0.999980 0.000010
0.000010 0.999980 0.000010
0.000010 0.999980 0.000010
0.000010 0.999980 0.000010
0.000010 0.999980 0.000010
0.000010 0.999980 0.000010
0.004581 0.995409 0.000010
0.012031 0.987959 0.000010
0.000010 0.999980 0.000010
0.000010 0.999980 0.000010
0.008690 0.991300 0.000010
0.000010 0.999980 0.000010
0.000010 0.999980 0.000010
0.022858 0.977132 0.000010
0.000010 0.999980 0.000010
0.022067 0.000010 0.977923
0.000010 0.007845 0.992145
0.024997 0.000010 0.974993
0.023454 0.005451 0.971095
0.011188 0.000010 0.988802
0.021120 0.007101 0.971779
0.012015 0.000010 0.987975
0.032249 0.000010 0.967741
0.000010 0.000010 0.999980
0.028793 0.000010 0.971197
0.008068 0.014084 0.977848
0.018594 0.000010 0.981396
0.029544 0.000010 0.970446
0.003615 0.000010 0.996375
0.024686 0.000010 0.975304
0.000010 0.012099 0.987891
0.042606 0.000010 0.957384
0.003818 0.021433 0.974749
0.000010 0.016441 0.983549
0.005937 0.000010 0.994053
0.005057 0.018276 0.976667
0.033978 0.009112 0.956910
0.000010 0.019345 0.980645
0.000010 0.000010 0.999980
0.000010 0.026539 0.973451
0.000010 0.000010 0.999980
0.044291 0.000010 0.955699
0.047641 0.000010 0.952349
0.017210 0.000010 0.982780
0.000010 0.000010 0.999980
0.000010 0.012602 0.987388
0.010209 0.017465 0.972326
0.019353 0.000010 0.980637
0.007189 0.026085 0.966726
0.017044 0.009586 0.973370
0.016134 0.006974 0.976892
0.020404 0.000010 0.979586
0.027679 0.000010 0.972311
0.024853 0.005360 0.969786
0.009502 0.000010 0.990488
0.000010 0.000010 0.999980
0.010779 0.011273 0.977948
0.019783 0.028907 0.951310
0.003131 0.024158 0.972711
0.000010 0.939298 0.060692
0.006203 0.930663 0.063134
0.000010 0.920445 0.079545
0.000010 0.961298 0.038692
0.000010 0.981056 0.018934
0.000010 0.999980 0.000010
0.000010 0.956546 0.043444
0.000010 0.951475 0.048515
0.000010 0.861519 0.138471
0.999980 0.000010 0.000010
0.999980 0.000010 0.000010
0.999980 0.000010 0.000010
0.999980 0.000010 0.000010
0.999978 0.000012 0.000010
0.999980 0.000010 0.000010
0.999980 0.000010 0.000010
0.999980 0.000010 0.000010
0.999980 0.000010 0.000010
0.999980 0.000010 0.000010
0.999980 0.000010 0.000010
0.999980 0.000010 0.000010
0.999980 0.000010 0.000010
0.999980 0.000010 0.000010
0.999980 0.000010 0.000010
0.999980 0.000010 0.000010
0.999980 0.000010 0.000010
0.999980 0.000010 0.000010
0.999980 0.000010 0.000010
0.999980 0.000010 0.000010
0.999971 0.000019 0.000010
0.999980 0.000010 0.000010
0.999980 0.000010 0.000010
0.999980 0.000010 0.000010
0.999980 0.000010 0.000010
0.016675 0.000010 0.983315
0.042795 0.000558 0.956647
0.063296 0.000010 0.936694
0.070397 0.000010 0.929593
0.016136 0.000010 0.983854
0.033896 0.002219 0.963885
0.072801 0.000010 0.927189
0.016500 0.000010 0.983490
0.026622 0.000010 0.973368
0.046654 0.000010 0.953336
0.038462 0.000010 0.961528
0.070215 0.000010 0.929775
0.062085 0.924318 0.013597
0.052494 0.913314 0.034191
0.065828 0.899564 0.034608
0.056363 0.911016 0.032621
0.085607 0.879462 0.034931
0.066872 0.906417 0.026711
0.010068 0.973182 0.016750
0.067921 0.927520 0.004558
0.072035 0.914068 0.013897
0.036455 0.947839 0.015706
0.031541 0.917102 0.051357
0.000010 0.999980 0.000010
0.051061 0.902552 0.046387
0.047088 0.918896 0.034016
0.035784 0.964206 0.000010
0.044483 0.955507 0.000010
0.039985 0.918609 0.041405
0.058728 0.902442 0.038830
0.046600 0.949798 0.003603
0.024592 0.970266 0.005142
0.048036 0.932387 0.019577
0.041526 0.948757 0.009717
0.052841 0.925399 0.021760
0.027482 0.949550 0.022969
0.000010 0.959625 0.040365
0.035006 0.925427 0.039567
0.021718 0.907725 0.070556
0.039481 0.922864 0.037655
0.060633 0.916096 0.023270
0.038527 0.927689 0.033784
0.047108 0.927429 0.025463
0.045750 0.925918 0.028332
0.045185 0.954805 0.000010
0.024018 0.975972 0.000010
0.036322 0.963668 0.000010
0.016840 0.983150 0.000010
0.020981 0.979009 0.000010
0.052337 0.947653 0.000010
0.052384 0.947606 0.000010
0.023190 0.976800 0.000010
0.000010 0.999980 0.000010
0.000010 0.999980 0.000010
0.001130 0.998860 0.000010
0.000010 0.999980 0.000010
0.027638 0.972352 0.000010
0.035740 0.964250 0.000010
0.049520 0.950470 0.000010
0.063304 0.936686 0.000010
0.030656 0.969334 0.000010
0.045787 0.954203 0.000010
0.047190 0.952800 0.000010
0.025093 0.974897 0.000010
0.051434 0.948556 0.000010
0.031999 0.965156 0.002845
0.004716 0.995274 0.000010
0.038868 0.961122 0.000010
0.037205 0.962785 0.000010
0.067146 0.924052 0.008802
0.030633 0.969357 0.000010
0.007129 0.992861 0.000010
0.029816 0.968384 0.001801
0.000010 0.999980 0.000010
