0.978234 0.000010 0.000010 0.000010 0.000010 0.021706 0.000010 0.000010
0.999930 0.000010 0.000010 0.000010 0.000010 0.000010 0.000010 0.000010
0.999930 0.000010 0.000010 0.000010 0.000010 0.000010 0.000010 0.000010
0.999930 0.000010 0.000010 0.000010 0.000010 0.000010 0.000010 0.000010
0.999930 0.000010 0.000010 0.000010 0.000010 0.000010 0.000010 0.000010
0.999930 0.000010 0.000010 0.000010 0.000010 0.000010 0.000010 0.000010
0.999930 0.000010 0.000010 0.000010 0.000010 0.000010 0.000010 0.000010
0.999930 0.000010 0.000010 0.000010 0.000010 0.000010 0.000010 0.000010
0.985153 0.000010 0.000010 0.000010 0.000010 0.014787 0.000010 0.000010
0.999930 0.000010 0.000010 0.000010 0.000010 0.000010 0.000010 0.000010
0.999930 0.000010 0.000010 0.000010 0.000010 0.000010 0.000010 0.000010
0.173186 0.000010 0.108735 0.443206 0.000010 0.000010 0.161131 0.113712
0.149936 0.000010 0.195190 0.300667 0.000010 0.000010 0.242758 0.111418
0.135062 0.000010 0.104954 0.370795 0.000010 0.000010 0.285133 0.104027
0.182219 0.000010 0.029197 0.706042 0.082503 0.000010 0.000010 0.000010
0.247505 0.000010 0.000010 0.696632 0.031963 0.023861 0.000010 0.000010
0.199652 0.000010 0.000010 0.683408 0.078882 0.000010 0.038019 0.000010
0.180101 0.000010 0.034637 0.680356 0.055472 0.049405 0.000010 0.000010
0.134671 0.000010 0.038299 0.728505 0.069235 0.029259 0.000010 0.000010
0.207501 0.000010 0.066804 0.659968 0.065687 0.000010 0.000010 0.000010
0.161558 0.000010 0.000010 0.740996 0.097396 0.000010 0.000010 0.000010
0.262027 0.000010 0.013610 0.652584 0.071739 0.000010 0.000010 0.000010
0.190402 0.000010 0.000010 0.716646 0.079315 0.013598 0.000010 0.000010
0.161574 0.000010 0.043356 0.617785 0.119450 0.000010 0.057805 0.000010
0.243231 0.000010 0.037021 0.647673 0.059568 0.006262 0.000010 0.006226
0.198305 0.000010 0.013145 0.651263 0.116405 0.020852 0.000010 0.000010
0.120813 0.000010 0.032239 0.736762 0.099506 0.010650 0.000010 0.000010
0.213735 0.000010 0.069385 0.603557 0.098535 0.014758 0.000010 0.000010
0.199124 0.000010 0.024704 0.689987 0.086145 0.000010 0.000010 0.000010
0.137741 0.000010 0.000010 0.714712 0.147497 0.000010 0.000010 0.000010
0.243339 0.000010 0.048206 0.630299 0.068736 0.009390 0.000010 0.000010
0.256964 0.000010 0.134939 0.390423 0.041024 0.050051 0.120268 0.006321
0.240206 0.010779 0.217239 0.418324 0.045004 0.000010 0.068428 0.000010
0.216137 0.000010 0.255405 0.413055 0.073554 0.000010 0.021781 0.020048
0.219712 0.000010 0.173573 0.547266 0.059410 0.000010 0.000010 0.000010
0.253593 0.000010 0.159974 0.467500 0.069816 0.000010 0.016431 0.032666
0.328306 0.020110 0.133883 0.449276 0.035769 0.000010 0.000010 0.032635
0.265980 0.000010 0.182944 0.368853 0.033491 0.041728 0.106983 0.000010
0.166990 0.000010 0.173919 0.490301 0.069919 0.000010 0.081035 0.017816
0.261027 0.000010 0.183210 0.391831 0.050892 0.039542 0.073478 0.000010
0.148470 0.000010 0.096938 0.659371 0.095181 0.000010 0.000010 0.000010
0.181427 0.000010 0.154404 0.514606 0.057871 0.000010 0.055413 0.036259
0.268130 0.012464 0.150129 0.519788 0.000010 0.049458 0.000010 0.000010
0.249858 0.000010 0.214481 0.426852 0.010266 0.035567 0.062957 0.000010
0.271356 0.000010 0.153141 0.442379 0.000010 0.034370 0.053646 0.045087
0.171749 0.000010 0.127193 0.568781 0.025740 0.062365 0.044152 0.000010
0.175413 0.000010 0.268136 0.470129 0.049007 0.000010 0.000010 0.037285
0.228374 0.012743 0.187919 0.478878 0.000010 0.031184 0.033409 0.027484
0.219634 0.003151 0.107730 0.557767 0.008673 0.054591 0.039985 0.008468
0.271121 0.018491 0.098894 0.519354 0.000010 0.032988 0.059132 0.000010
0.285760 0.022196 0.234171 0.417916 0.000010 0.002347 0.032911 0.004688
0.296615 0.000010 0.191903 0.406487 0.003434 0.044799 0.000010 0.056743
0.229579 0.005222 0.203621 0.491384 0.000010 0.058680 0.000010 0.011495
0.219666 0.000010 0.197042 0.483347 0.000010 0.072146 0.027769 0.000010
0.000010 0.000010 0.000010 0.586802 0.000010 0.009037 0.119491 0.284630
0.000010 0.000010 0.024981 0.612147 0.000010 0.000010 0.035682 0.327151
0.000010 0.000010 0.000010 0.598273 0.000010 0.000010 0.129665 0.272012
0.000010 0.000010 0.000010 0.612121 0.000010 0.000010 0.123520 0.264309
0.000010 0.000010 0.000010 0.636985 0.000010 0.000010 0.000010 0.362955
0.000010 0.000010 0.000010 0.641074 0.000010 0.000010 0.042752 0.316124
0.000010 0.000010 0.000010 0.629943 0.000010 0.000010 0.000010 0.369997
0.000010 0.000010 0.000010 0.658025 0.000010 0.000010 0.015215 0.326709
0.000010 0.000010 0.000010 0.653739 0.000010 0.000010 0.000010 0.346201
0.000010 0.000010 0.000010 0.636377 0.000010 0.000010 0.000010 0.363563
0.000010 0.000010 0.033050 0.602879 0.000010 0.000010 0.081309 0.282723
0.000010 0.000010 0.000010 0.568083 0.000010 0.000010 0.086770 0.345097
0.000010 0.000010 0.085309 0.530522 0.000010 0.000010 0.109162 0.274968
0.000010 0.000010 0.075914 0.513462 0.000010 0.001745 0.110656 0.298192
0.000010 0.000010 0.000010 0.587837 0.000010 0.000010 0.094450 0.317663
0.000010 0.000010 0.000884 0.613959 0.000010 0.000010 0.000010 0.385107
0.000010 0.000010 0.000010 0.039265 0.000010 0.000010 0.456177 0.504508
0.000010 0.000010 0.000010 0.611038 0.000010 0.000010 0.047503 0.341409
0.000010 0.000010 0.000010 0.635942 0.000010 0.000010 0.090039 0.273968
0.010778 0.000010 0.069218 0.525907 0.000010 0.000010 0.121367 0.272700
0.000010 0.999930 0.000010 0.000010 0.000010 0.000010 0.000010 0.000010
0.000010 0.999930 0.000010 0.000010 0.000010 0.000010 0.000010 0.000010
0.000010 0.999930 0.000010 0.000010 0.000010 0.000010 0.000010 0.000010
0.000010 0.999930 0.000010 0.000010 0.000010 0.000010 0.000010 0.000010
0.000010 0.999930 0.000010 0.000010 0.000010 0.000010 0.000010 0.000010
0.000010 0.999930 0.000010 0.000010 0.000010 0.000010 0.000010 0.000010
0.000010 0.999930 0.000010 0.000010 0.000010 0.000010 0.000010 0.000010
0.000010 0.999930 0.000010 0.000010 0.000010 0.000010 0.000010 0.000010
0.000010 0.999930 0.000010 0.000010 0.000010 0.000010 0.000010 0.000010
0.000010 0.990283 0.000010 0.000010 0.009038 0.000629 0.000010 0.000010
0.000010 0.999930 0.000010 0.000010 0.000010 0.000010 0.000010 0.000010
0.000010 0.999930 0.000010 0.000010 0.000010 0.000010 0.000010 0.000010
0.000010 0.999930 0.000010 0.000010 0.000010 0.000010 0.000010 0.000010
0.000010 0.999930 0.000010 0.000010 0.000010 0.000010 0.000010 0.000010
0.000010 0.999930 0.000010 0.000010 0.000010 0.000010 0.000010 0.000010
0.000010 0.999930 0.000010 0.000010 0.000010 0.000010 0.000010 0.000010
0.000010 0.999930 0.000010 0.000010 0.000010 0.000010 0.000010 0.000010
0.000010 0.999930 0.000010 0.000010 0.000010 0.000010 0.000010 0.000010
0.000010 0.891507 0.000010 0.000010 0.108433 0.000010 0.000010 0.000010
0.000010 0.999930 0.000010 0.000010 0.000010 0.000010 0.000010 0.000010
0.000010 0.999930 0.000010 0.000010 0.000010 0.000010 0.000010 0.000010
0.000010 0.999930 0.000010 0.000010 0.000010 0.000010 0.000010 0.000010
0.000010 0.999930 0.000010 0.000010 0.000010 0.000010 0.000010 0.000010
0.000010 0.999929 0.000010 0.000010 0.000011 0.000010 0.000010 0.000010
0.000010 0.982852 0.000010 0.000010 0.017088 0.000010 0.000010 0.000010
0.000010 0.932950 0.000010 0.000010 0.066990 0.000010 0.000010 0.000010
0.000010 0.999930 0.000010 0.000010 0.000010 0.000010 0.000010 0.000010
0.000010 0.994428 0.000010 0.000010 0.000010 0.005512 0.000010 0.000010
0.000010 0.983978 0.000010 0.000010 0.000010 0.015962 0.000010 0.000010
0.000010 0.000010 0.013385 0.027256 0.000010 0.006747 0.927431 0.025151
0.017534 0.006574 0.004690 0.000010 0.000010 0.000010 0.942880 0.028292
0.000010 0.000010 0.000010 0.000010 0.000010 0.006952 0.992988 0.000010
0.018192 0.006237 0.000010 0.000010 0.000010 0.009680 0.952947 0.012914
0.000010 0.000010 0.000010 0.000010 0.000010 0.000010 0.968908 0.031032
0.000010 0.000010 0.006578 0.000010 0.000010 0.002930 0.937765 0.052687
0.015457 0.000010 0.002065 0.060179 0.000010 0.000010 0.900438 0.021832
0.000010 0.000010 0.030485 0.000010 0.041168 0.007021 0.921286 0.000010
0.000010 0.000010 0.040445 0.055811 0.000010 0.000010 0.885610 0.018094
0.048694 0.000010 0.000010 0.110039 0.000010 0.016873 0.776928 0.047435
0.071565 0.003394 0.065315 0.125260 0.038672 0.000010 0.694554 0.001232
0.027773 0.000010 0.000010 0.000010 0.000010 0.007925 0.964253 0.000010
0.055646 0.000010 0.026647 0.049376 0.000010 0.014751 0.815106 0.038454
0.013253 0.014543 0.074867 0.100185 0.000010 0.000010 0.797122 0.000010
0.019532 0.000010 0.039075 0.028090 0.000010 0.000010 0.827952 0.085322
0.037579 0.000010 0.029622 0.000010 0.000010 0.000010 0.932749 0.000010
0.000010 0.000010 0.014662 0.087763 0.000010 0.024599 0.796613 0.076333
0.000254 0.000010 0.022960 0.036652 0.020819 0.000010 0.880039 0.039257
0.027326 0.000010 0.000010 0.065464 0.031315 0.000010 0.875856 0.000010
0.000010 0.000010 0.019101 0.000010 0.004296 0.000010 0.976552 0.000010
0.026945 0.006895 0.079181 0.055795 0.000010 0.000010 0.774466 0.056697
0.000010 0.000010 0.000010 0.000010 0.023843 0.000010 0.928907 0.047201
0.024567 0.003374 0.062121 0.008321 0.019468 0.000010 0.882129 0.000010
0.054561 0.000010 0.000010 0.000010 0.000010 0.000010 0.927426 0.017963
0.032666 0.000010 0.065620 0.000010 0.022204 0.000010 0.853300 0.026181
0.055787 0.000010 0.130881 0.008469 0.000010 0.000010 0.751917 0.052916
0.048044 0.000010 0.035493 0.023916 0.000010 0.027099 0.808773 0.056655
0.041252 0.000010 0.029985 0.007746 0.000010 0.033110 0.855448 0.032438
0.036822 0.000010 0.025695 0.060226 0.000010 0.000010 0.829324 0.047903
0.014434 0.000010 0.019236 0.080237 0.000010 0.000674 0.885389 0.000010
0.000010 0.000010 0.081172 0.040726 0.000010 0.000010 0.808750 0.069312
0.084925 0.000010 0.018364 0.057150 0.000010 0.000010 0.740567 0.098963
0.038162 0.000010 0.000010 0.000010 0.000010 0.000010 0.906936 0.054853
0.035593 0.000010 0.021744 0.088758 0.026661 0.000010 0.779272 0.047952
0.038742 0.000010 0.081708 0.000010 0.000010 0.003409 0.812829 0.063282
0.034807 0.000010 0.064825 0.044941 0.000010 0.000010 0.777102 0.078295
0.083170 0.000010 0.020295 0.063380 0.000010 0.021408 0.798786 0.012941
0.087525 0.000010 0.056674 0.019276 0.000010 0.010116 0.751400 0.074989
0.063359 0.000010 0.027005 0.060328 0.021103 0.006120 0.788138 0.033937
0.057825 0.000010 0.000010 0.114468 0.000010 0.000010 0.827656 0.000010
0.025575 0.038781 0.023600 0.000457 0.015792 0.123086 0.569088 0.203621
0.086078 0.000010 0.048590 0.073266 0.027551 0.000010 0.750227 0.014267
0.054568 0.000010 0.000010 0.104992 0.042903 0.000010 0.745259 0.052249
0.000010 0.000010 0.000010 0.098256 0.044858 0.000010 0.856836 0.000010
0.000011 0.000010 0.000010 0.000010 0.000010 0.000010 0.000010 0.999929
0.000010 0.000010 0.000010 0.000010 0.000010 0.000010 0.000010 0.999930
0.000010 0.000010 0.000010 0.000010 0.000010 0.000010 0.000010 0.999930
0.000010 0.000010 0.000010 0.000011 0.000010 0.000010 0.000010 0.999929
0.000010 0.000010 0.000010 0.000010 0.000010 0.000010 0.000010 0.999930
0.000010 0.000010 0.000010 0.000010 0.000010 0.000012 0.000010 0.999928
0.000010 0.000010 0.000013 0.000010 0.000011 0.000010 0.000010 0.999926
0.000010 0.000010 0.000010 0.000010 0.000010 0.000010 0.000010 0.999930
0.000010 0.000010 0.000010 0.000010 0.230138 0.000010 0.000010 0.769802
0.000010 0.000010 0.000010 0.000010 0.000010 0.999930 0.000010 0.000010
0.000010 0.000010 0.000010 0.000010 0.000010 0.999930 0.000010 0.000010
0.000010 0.000012 0.000010 0.000010 0.000010 0.999928 0.000010 0.000010
0.000010 0.000010 0.000010 0.000010 0.000010 0.999930 0.000010 0.000010
0.000010 0.000010 0.000010 0.000010 0.000010 0.999930 0.000010 0.000010
0.000014 0.000010 0.000010 0.000010 0.000010 0.999926 0.000010 0.000010
0.000010 0.000010 0.000010 0.000010 0.000010 0.999930 0.000010 0.000010
0.000012 0.000010 0.000010 0.000010 0.000010 0.999928 0.000010 0.000010
0.000010 0.000010 0.000010 0.000010 0.000010 0.999930 0.000010 0.000010
0.000010 0.000010 0.000010 0.000010 0.000010 0.999930 0.000010 0.000010
0.000010 0.000010 0.000010 0.000010 0.000010 0.999930 0.000010 0.000010
0.000010 0.000010 0.000010 0.000010 0.000010 0.999930 0.000010 0.000010
0.000010 0.000010 0.000010 0.000010 0.000019 0.999920 0.000010 0.000010
0.000010 0.000010 0.000010 0.000015 0.000010 0.999925 0.000010 0.000010
0.000010 0.000010 0.000010 0.000010 0.000010 0.999930 0.000010 0.000010
0.000010 0.000010 0.000010 0.000010 0.000010 0.999930 0.000010 0.000010
0.000010 0.000010 0.000010 0.000010 0.000010 0.999930 0.000010 0.000010
0.000010 0.000010 0.000010 0.000010 0.000010 0.999930 0.000010 0.000010
0.000010 0.000010 0.000010 0.000010 0.000013 0.999927 0.000010 0.000010
0.000010 0.000010 0.000010 0.000010 0.000010 0.999930 0.000010 0.000010
0.000010 0.000010 0.000010 0.000010 0.000010 0.999930 0.000010 0.000010
0.000010 0.000010 0.000010 0.000010 0.000013 0.999927 0.000010 0.000010
0.000016 0.000010 0.000010 0.000010 0.000010 0.999924 0.000010 0.000010
0.000010 0.000010 0.000010 0.000010 0.000010 0.999930 0.000010 0.000010
0.000018 0.000010 0.000010 0.000010 0.000010 0.999922 0.000010 0.000010
0.000010 0.000010 0.999930 0.000010 0.000010 0.000010 0.000010 0.000010
0.029428 0.000010 0.593141 0.180745 0.004515 0.023613 0.130124 0.038423
0.062094 0.000010 0.689324 0.084094 0.000010 0.031117 0.101619 0.031731
0.000010 0.001193 0.971892 0.000010 0.000010 0.026866 0.000010 0.000010
0.000010 0.000010 0.999930 0.000010 0.000010 0.000010 0.000010 0.000010
0.000010 0.000010 0.999930 0.000010 0.000010 0.000010 0.000010 0.000010
0.070822 0.000010 0.550843 0.184510 0.000010 0.057788 0.118111 0.017906
0.000010 0.000010 0.999930 0.000010 0.000010 0.000010 0.000010 0.000010
0.000010 0.000010 0.999930 0.000010 0.000010 0.000010 0.000010 0.000010
0.000010 0.000010 0.999930 0.000010 0.000010 0.000010 0.000010 0.000010
0.046858 0.000010 0.668203 0.265972 0.000020 0.018917 0.000010 0.000010
0.067364 0.000010 0.883011 0.000010 0.008877 0.040708 0.000010 0.000010
0.000010 0.000344 0.000010 0.000010 0.994943 0.004664 0.000010 0.000010
0.000010 0.047631 0.000010 0.000010 0.952309 0.000010 0.000010 0.000010
0.000010 0.020145 0.000010 0.000010 0.963170 0.016635 0.000010 0.000010
0.000010 0.000010 0.000010 0.000010 0.971396 0.028544 0.000010 0.000010
0.000010 0.009876 0.000010 0.000010 0.947531 0.042543 0.000010 0.000010
0.000010 0.012385 0.000010 0.000010 0.962272 0.025293 0.000010 0.000010
0.000010 0.000010 0.000010 0.000010 0.999930 0.000010 0.000010 0.000010
0.000010 0.023685 0.000010 0.000010 0.954257 0.022008 0.000010 0.000010
0.000010 0.007425 0.000010 0.000010 0.984265 0.008260 0.000010 0.000010
0.000010 0.044339 0.000010 0.000010 0.954691 0.000920 0.000010 0.000010
0.000010 0.000010 0.000010 0.000010 0.999930 0.000010 0.000010 0.000010
0.000010 0.000010 0.000010 0.000010 0.999930 0.000010 0.000010 0.000010
0.000010 0.011558 0.000010 0.000010 0.976130 0.012261 0.000010 0.000010
0.000010 0.029896 0.000010 0.000010 0.970043 0.000011 0.000010 0.000010
0.000010 0.050924 0.000010 0.000010 0.949016 0.000010 0.000010 0.000010
0.000010 0.000010 0.000010 0.000010 0.989224 0.010716 0.000010 0.000010
0.000010 0.011680 0.000010 0.000010 0.984100 0.004169 0.000010 0.000010
0.000010 0.000010 0.000010 0.000010 0.979446 0.020494 0.000010 0.000010
0.000010 0.000010 0.000010 0.000010 0.996252 0.003688 0.000010 0.000010
0.000010 0.000010 0.000010 0.000010 0.999930 0.000010 0.000010 0.000010
0.000010 0.000010 0.000010 0.000010 0.994714 0.005226 0.000010 0.000010
0.000010 0.005122 0.000010 0.000010 0.994818 0.000010 0.000010 0.000010
0.000010 0.019356 0.000010 0.000010 0.974369 0.006225 0.000010 0.000010
0.000010 0.011681 0.000010 0.000010 0.988259 0.000010 0.000010 0.000010
0.000010 0.030858 0.000010 0.000010 0.969082 0.000010 0.000010 0.000010
0.000010 0.026747 0.000010 0.000010 0.973193 0.000010 0.000010 0.000010
0.000010 0.000010 0.000010 0.000010 0.999930 0.000010 0.000010 0.000010
0.000010 0.082619 0.000010 0.000010 0.917321 0.000010 0.000010 0.000010
0.000010 0.080328 0.000010 0.000010 0.893429 0.019573 0.000010 0.006629
0.000010 0.000012 0.000010 0.000010 0.999928 0.000010 0.000010 0.000010
0.000010 0.000010 0.000010 0.000010 0.999930 0.000010 0.000010 0.000010
0.000010 0.000013 0.000010 0.000010 0.998850 0.001087 0.000010 0.000010
0.000010 0.353363 0.000010 0.000010 0.621169 0.025418 0.000010 0.000010
0.000010 0.282803 0.000010 0.000010 0.717137 0.000010 0.000010 0.000010
0.000010 0.505277 0.000010 0.000010 0.486756 0.007917 0.000010 0.000010
0.000010 0.425551 0.000010 0.000010 0.574389 0.000010 0.000010 0.000010
0.000010 0.249573 0.000010 0.000010 0.750367 0.000010 0.000010 0.000010
0.000010 0.399479 0.000010 0.000010 0.580245 0.020226 0.000010 0.000010
0.000010 0.308622 0.000010 0.000010 0.667064 0.024264 0.000010 0.000010
0.000010 0.455022 0.000010 0.000010 0.541681 0.003246 0.000010 0.000010
0.000010 0.498296 0.000010 0.000010 0.501644 0.000010 0.000010 0.000010
0.000010 0.496965 0.000010 0.000010 0.502975 0.000010 0.000010 0.000010
0.000010 0.354513 0.000010 0.000010 0.645427 0.000010 0.000010 0.000010
0.000010 0.769813 0.000010 0.000010 0.230127 0.000010 0.000010 0.000010
0.000010 0.310559 0.000010 0.000010 0.689381 0.000010 0.000010 0.000010
0.000010 0.440077 0.000010 0.000010 0.555598 0.004276 0.000010 0.000010
0.000010 0.453994 0.000010 0.000010 0.519055 0.026901 0.000010 0.000010
0.000010 0.403610 0.000010 0.000010 0.562339 0.034001 0.000010 0.000010
0.000010 0.388396 0.000010 0.000010 0.611544 0.000010 0.000010 0.000010
0.000010 0.182487 0.000010 0.000010 0.806964 0.010499 0.000010 0.000010
0.000010 0.229505 0.000010 0.000010 0.754448 0.015997 0.000010 0.000010
0.000010 0.316141 0.000010 0.000010 0.683799 0.000010 0.000010 0.000010
0.000010 0.271830 0.000010 0.000010 0.711977 0.016143 0.000010 0.000010
0.000010 0.369237 0.000010 0.000010 0.630703 0.000010 0.000010 0.000010
0.000010 0.674348 0.000010 0.000010 0.325592 0.000010 0.000010 0.000010
0.000010 0.474193 0.000010 0.000010 0.502746 0.016116 0.000010 0.006905
0.000010 0.280158 0.000010 0.000010 0.716180 0.000010 0.000010 0.003612
0.000010 0.264221 0.000010 0.000010 0.700468 0.035261 0.000010 0.000010
0.000010 0.314489 0.000010 0.000010 0.677037 0.000010 0.000010 0.008424
0.000010 0.646199 0.000010 0.000010 0.353741 0.000010 0.000010 0.000010
0.000010 0.359989 0.000010 0.000010 0.639951 0.000010 0.000010 0.000010
0.000010 0.700012 0.000010 0.000010 0.299928 0.000010 0.000010 0.000010
