0.012483 0.000010 0.047237 0.000010 0.000010 0.000010 0.923661 0.000010 0.000010 0.016559
0.000010 0.000010 0.000010 0.000010 0.000010 0.000010 0.999910 0.000010 0.000010 0.000010
0.000010 0.000010 0.000010 0.000010 0.000010 0.000010 0.999904 0.000016 0.000010 0.000010
0.000010 0.000010 0.000010 0.000010 0.000010 0.000010 0.999910 0.000010 0.000010 0.000010
0.000010 0.000010 0.000010 0.000010 0.000010 0.000010 0.999910 0.000010 0.000010 0.000010
0.000010 0.000010 0.000010 0.000010 0.000010 0.000010 0.999910 0.000010 0.000010 0.000010
0.000010 0.000010 0.000010 0.000010 0.000010 0.000010 0.999910 0.000010 0.000010 0.000010
0.000010 0.000010 0.000010 0.000010 0.000010 0.000010 0.999910 0.000010 0.000010 0.000010
0.000010 0.000010 0.028552 0.000010 0.000010 0.000010 0.971368 0.000010 0.000010 0.000010
0.000010 0.000010 0.000010 0.034663 0.000010 0.000010 0.965257 0.000010 0.000010 0.000010
0.000010 0.000010 0.000010 0.029546 0.000010 0.000010 0.970374 0.000010 0.000010 0.000010
0.044357 0.135108 0.000010 0.000010 0.000010 0.000010 0.229112 0.487370 0.000010 0.104003
0.061522 0.216435 0.000010 0.000010 0.000010 0.000010 0.175567 0.346861 0.000010 0.199565
0.000010 0.148175 0.000010 0.000010 0.000010 0.000010 0.204823 0.431538 0.000010 0.215404
0.725813 0.000010 0.000010 0.048314 0.000010 0.000010 0.225804 0.000010 0.000010 0.000010
0.779236 0.000010 0.006087 0.000010 0.000010 0.000010 0.214607 0.000010 0.000010 0.000010
0.688737 0.000010 0.000010 0.000010 0.000010 0.000010 0.181429 0.078704 0.000632 0.050448
0.668758 0.034666 0.000010 0.000010 0.048224 0.000010 0.212072 0.036229 0.000010 0.000010
0.777841 0.022646 0.033184 0.004065 0.000010 0.000010 0.162215 0.000010 0.000010 0.000010
0.724330 0.025043 0.000010 0.021179 0.000010 0.000010 0.229388 0.000010 0.000010 0.000010
0.775920 0.000010 0.000010 0.000010 0.000010 0.000010 0.171677 0.029734 0.022609 0.000010
0.746927 0.000010 0.000010 0.013508 0.000010 0.000010 0.239495 0.000010 0.000010 0.000010
0.771506 0.000010 0.018046 0.017595 0.000010 0.000010 0.192793 0.000010 0.000010 0.000010
0.691661 0.022350 0.000010 0.028875 0.000010 0.000010 0.145331 0.000010 0.026832 0.084910
0.769315 0.000010 0.000010 0.023540 0.000010 0.000010 0.169095 0.037990 0.000010 0.000010
0.671149 0.000010 0.000010 0.081192 0.013982 0.000010 0.233618 0.000010 0.000010 0.000010
0.751164 0.000010 0.000010 0.036669 0.011224 0.000010 0.119291 0.081603 0.000010 0.000010
0.709513 0.009973 0.024666 0.000010 0.000010 0.000010 0.201660 0.000010 0.032618 0.021530
0.727267 0.000010 0.000010 0.000010 0.000010 0.000010 0.202529 0.055921 0.014223 0.000010
0.692155 0.005933 0.008528 0.070640 0.000010 0.000010 0.158910 0.063795 0.000010 0.000010
0.753218 0.000010 0.000010 0.000010 0.020690 0.000010 0.225416 0.000616 0.000010 0.000010
0.492201 0.079475 0.041522 0.000010 0.000010 0.000010 0.171125 0.084661 0.022324 0.108663
0.573533 0.160526 0.000010 0.023670 0.000010 0.000010 0.108573 0.060834 0.000010 0.072824
0.509274 0.215569 0.000010 0.000010 0.000010 0.000010 0.145150 0.074167 0.042980 0.012821
0.686787 0.086262 0.000010 0.019524 0.000010 0.000010 0.111877 0.095500 0.000010 0.000010
0.716590 0.034595 0.000010 0.056049 0.000010 0.000010 0.096979 0.057435 0.000010 0.038312
0.954221 0.000010 0.000010 0.045699 0.000010 0.000010 0.000010 0.000010 0.000010 0.000010
0.637485 0.093033 0.042763 0.000010 0.000010 0.000010 0.092121 0.029522 0.001292 0.103755
0.721293 0.110067 0.000010 0.000010 0.000010 0.000010 0.022240 0.021354 0.034600 0.090405
0.873510 0.013051 0.006044 0.000010 0.023018 0.000010 0.000010 0.000010 0.027255 0.057082
0.983667 0.000010 0.000010 0.000010 0.000010 0.000010 0.000010 0.000010 0.016253 0.000010
0.733746 0.042694 0.000010 0.000010 0.000010 0.000010 0.013916 0.091214 0.025551 0.092840
0.922016 0.037109 0.000010 0.000010 0.025863 0.000010 0.000010 0.000010 0.000010 0.014952
0.724930 0.121857 0.000010 0.000010 0.018079 0.000010 0.024952 0.028118 0.000010 0.082024
0.795228 0.046698 0.000010 0.021391 0.007309 0.000010 0.030835 0.027845 0.000010 0.070664
0.916529 0.000010 0.046453 0.000010 0.000010 0.000010 0.000010 0.003188 0.000010 0.033771
0.788099 0.155069 0.000010 0.035154 0.000010 0.000010 0.000010 0.020634 0.000010 0.000995
0.688965 0.120981 0.000010 0.000010 0.017153 0.000010 0.031209 0.096377 0.000010 0.045275
0.796440 0.023613 0.000010 0.000010 0.035100 0.000010 0.040357 0.057688 0.000010 0.046761
0.893988 0.000010 0.016002 0.000010 0.000010 0.000010 0.000010 0.000010 0.000010 0.089940
0.782493 0.113298 0.000010 0.000010 0.000010 0.000010 0.063605 0.000010 0.000010 0.040545
0.700582 0.085865 0.036831 0.000010 0.000010 0.000010 0.089176 0.087496 0.000010 0.000010
0.870459 0.084782 0.042184 0.002515 0.000010 0.000010 0.000010 0.000010 0.000010 0.000010
0.802443 0.105540 0.000010 0.000010 0.042995 0.000010 0.000010 0.011424 0.000010 0.037548
0.083032 0.024934 0.024503 0.000010 0.000010 0.000010 0.000010 0.793369 0.000010 0.074112
0.000010 0.097514 0.000010 0.028730 0.000010 0.000010 0.006763 0.866933 0.000010 0.000010
0.127693 0.000010 0.000010 0.000010 0.000010 0.000010 0.000010 0.773636 0.013904 0.084707
0.098309 0.000010 0.000010 0.000010 0.000010 0.005319 0.030579 0.802842 0.000010 0.062900
0.000010 0.000010 0.000010 0.000010 0.000010 0.000010 0.000010 0.999910 0.000010 0.000010
0.000010 0.000010 0.000010 0.000010 0.000010 0.000010 0.000010 0.999910 0.000010 0.000010
0.000010 0.000010 0.000010 0.000010 0.000010 0.000010 0.000010 0.999910 0.000010 0.000010
0.000010 0.000010 0.000010 0.000010 0.000010 0.000010 0.000010 0.998966 0.000954 0.000010
0.000010 0.000010 0.000010 0.000010 0.000010 0.000010 0.000010 0.999910 0.000010 0.000010
0.000010 0.000010 0.000010 0.000010 0.000010 0.000010 0.000010 0.999910 0.000010 0.000010
0.075574 0.065844 0.008148 0.000010 0.000010 0.000010 0.000010 0.826585 0.001828 0.021981
0.000010 0.017303 0.012894 0.032912 0.000010 0.000010 0.000010 0.936831 0.000010 0.000010
0.000010 0.138208 0.000010 0.000010 0.009577 0.000010 0.000010 0.784799 0.012555 0.054811
0.000010 0.120670 0.025451 0.021987 0.000010 0.000010 0.043795 0.744128 0.000010 0.043929
0.000010 0.000010 0.003540 0.000010 0.000010 0.000010 0.000010 0.996380 0.000010 0.000010
0.000010 0.000010 0.000010 0.063893 0.000010 0.000010 0.000010 0.936027 0.000010 0.000010
0.000010 0.000010 0.065354 0.084809 0.000010 0.000010 0.000010 0.831218 0.018559 0.000010
0.000010 0.000010 0.000010 0.000010 0.000010 0.000010 0.000010 0.999910 0.000010 0.000010
0.080225 0.000010 0.000010 0.000010 0.000010 0.000010 0.055253 0.842393 0.000010 0.022069
0.051393 0.107742 0.000017 0.029507 0.000010 0.000010 0.007017 0.708098 0.025915 0.070292
0.000010 0.000010 0.000010 0.000010 0.000010 0.999910 0.000010 0.000010 0.000010 0.000010
0.000010 0.000010 0.000010 0.006864 0.000010 0.993056 0.000010 0.000010 0.000010 0.000010
0.000010 0.000010 0.001758 0.000010 0.000010 0.998162 0.000010 0.000010 0.000010 0.000010
0.000010 0.000010 0.000010 0.000010 0.000010 0.999910 0.000010 0.000010 0.000010 0.000010
0.000010 0.000010 0.000010 0.000010 0.000010 0.999910 0.000010 0.000010 0.000010 0.000010
0.000010 0.000010 0.000010 0.000010 0.000010 0.999910 0.000010 0.000010 0.000010 0.000010
0.000010 0.000010 0.000010 0.000010 0.000010 0.999910 0.000010 0.000010 0.000010 0.000010
0.000010 0.000010 0.000010 0.000010 0.000010 0.999910 0.000010 0.000010 0.000010 0.000010
0.000010 0.000010 0.000010 0.000010 0.000010 0.999910 0.000010 0.000010 0.000010 0.000010
0.000010 0.000010 0.036004 0.000010 0.000010 0.963916 0.000010 0.000010 0.000010 0.000010
0.000010 0.000010 0.000010 0.000010 0.000010 0.999910 0.000010 0.000010 0.000010 0.000010
0.000010 0.000010 0.000010 0.022404 0.000010 0.977516 0.000010 0.000010 0.000010 0.000010
0.000010 0.000010 0.000010 0.000010 0.000010 0.999910 0.000010 0.000010 0.000010 0.000010
0.000010 0.000010 0.000010 0.000010 0.000010 0.999910 0.000010 0.000010 0.000010 0.000010
0.000010 0.000010 0.000010 0.000010 0.000010 0.990321 0.000010 0.000010 0.009599 0.000010
0.000010 0.000010 0.000010 0.000010 0.000010 0.999910 0.000010 0.000010 0.000010 0.000010
0.000010 0.000010 0.000010 0.000010 0.000010 0.999910 0.000010 0.000010 0.000010 0.000010
0.000010 0.000010 0.000010 0.000010 0.000010 0.999910 0.000010 0.000010 0.000010 0.000010
0.000010 0.000010 0.000010 0.000010 0.000010 0.876492 0.000010 0.000010 0.123428 0.000010
0.000010 0.000010 0.000010 0.000010 0.000010 0.999910 0.000010 0.000010 0.000010 0.000010
0.000010 0.000010 0.000010 0.000010 0.000010 0.999910 0.000010 0.000010 0.000010 0.000010
0.000010 0.000010 0.000010 0.000010 0.000010 0.999910 0.000010 0.000010 0.000010 0.000010
0.000010 0.000010 0.000010 0.000010 0.000010 0.999910 0.000010 0.000010 0.000010 0.000010
0.000010 0.000010 0.000010 0.000010 0.000010 0.998098 0.000010 0.000010 0.001822 0.000010
0.000010 0.000010 0.000010 0.000010 0.000010 0.967509 0.000010 0.000010 0.032411 0.000010
0.000010 0.000010 0.000010 0.013710 0.000010 0.937690 0.000010 0.000010 0.048530 0.000010
0.000010 0.000010 0.000010 0.000010 0.000010 0.999910 0.000010 0.000010 0.000010 0.000010
0.000010 0.000010 0.001382 0.057232 0.000010 0.941316 0.000010 0.000010 0.000010 0.000010
0.000010 0.000010 0.019214 0.000010 0.000010 0.980706 0.000010 0.000010 0.000010 0.000010
0.004195 0.014002 0.012937 0.010268 0.000010 0.000010 0.000010 0.048955 0.000010 0.909603
0.000010 0.000010 0.000010 0.050633 0.000010 0.000010 0.053670 0.000010 0.000010 0.895627
0.000010 0.000010 0.000010 0.000010 0.013510 0.000010 0.000010 0.000010 0.000010 0.986410
0.000010 0.000010 0.000010 0.025226 0.009062 0.000010 0.035808 0.000010 0.000010 0.929844
0.000010 0.000010 0.000010 0.013859 0.000010 0.000010 0.000010 0.000010 0.000010 0.986061
0.000010 0.019456 0.000010 0.025687 0.009594 0.000010 0.005390 0.000010 0.000010 0.939822
0.017221 0.000010 0.000010 0.000010 0.007882 0.000010 0.041993 0.058498 0.000010 0.874355
0.000010 0.024220 0.000010 0.000010 0.014922 0.000010 0.000010 0.000010 0.037696 0.923103
0.010185 0.036943 0.000010 0.000010 0.000010 0.000010 0.000010 0.067122 0.000010 0.885690
0.062653 0.000010 0.024809 0.000010 0.000010 0.000010 0.031715 0.117535 0.000010 0.763238
0.166572 0.039827 0.000012 0.000010 0.000010 0.000010 0.025054 0.057106 0.032402 0.678996
0.000010 0.000010 0.000010 0.000010 0.015276 0.000010 0.045254 0.000010 0.000010 0.939400
0.037144 0.027437 0.000010 0.005592 0.024916 0.000010 0.060225 0.047037 0.000010 0.797618
0.108355 0.063655 0.000010 0.000010 0.000010 0.008683 0.000013 0.045019 0.000010 0.774235
0.000010 0.031612 0.000010 0.000010 0.013643 0.000010 0.061963 0.113998 0.000010 0.778734
0.000010 0.026360 0.000010 0.000010 0.000010 0.002969 0.052485 0.000010 0.000010 0.918126
0.041916 0.008318 0.044461 0.000010 0.000010 0.000010 0.016361 0.098354 0.000010 0.790551
0.017831 0.020798 0.000010 0.000010 0.007991 0.000010 0.049173 0.000010 0.029169 0.874998
0.034831 0.000010 0.000010 0.026526 0.000010 0.000010 0.058556 0.000010 0.000010 0.880026
0.000010 0.011867 0.000010 0.000010 0.000010 0.000010 0.000010 0.025766 0.005545 0.956762
0.031967 0.064806 0.000010 0.018223 0.000010 0.009382 0.033941 0.086019 0.000010 0.755633
0.000010 0.000010 0.000010 0.067220 0.000010 0.000010 0.004969 0.000010 0.000010 0.927741
0.000322 0.067665 0.000010 0.000010 0.000010 0.000010 0.029483 0.000010 0.030436 0.872044
0.006423 0.000010 0.000010 0.000010 0.000010 0.000010 0.015874 0.040909 0.000010 0.936734
0.000010 0.064043 0.000010 0.068040 0.000010 0.000010 0.000010 0.000010 0.000010 0.867848
0.018814 0.136563 0.000010 0.003376 0.000010 0.000010 0.044217 0.063604 0.000010 0.733386
0.000010 0.025890 0.041073 0.000010 0.000010 0.000010 0.053677 0.091279 0.000010 0.788031
0.050751 0.028872 0.032491 0.030072 0.000010 0.000010 0.007747 0.000010 0.000010 0.850027
0.006636 0.011370 0.000010 0.000010 0.005547 0.000010 0.038146 0.118810 0.003918 0.815543
0.137847 0.000010 0.000010 0.000010 0.000010 0.000010 0.000010 0.000010 0.000010 0.862073
0.000010 0.078055 0.000010 0.037101 0.000010 0.000010 0.000010 0.108694 0.000010 0.776091
0.000010 0.028234 0.000010 0.000010 0.000010 0.016923 0.101847 0.140705 0.000258 0.711993
0.000010 0.000010 0.000010 0.000010 0.012026 0.000010 0.045145 0.066102 0.004467 0.872210
0.043267 0.022517 0.000010 0.000010 0.000010 0.000010 0.079767 0.053735 0.038731 0.761943
0.000010 0.095449 0.000010 0.032460 0.004282 0.000010 0.026772 0.066122 0.000010 0.774874
0.000010 0.059217 0.000010 0.000010 0.013910 0.000010 0.075108 0.089202 0.009466 0.753057
0.042676 0.031340 0.011117 0.000847 0.013814 0.000010 0.064994 0.037677 0.000010 0.797515
0.000010 0.043417 0.025802 0.023590 0.000010 0.000010 0.080234 0.098156 0.000010 0.728761
0.000010 0.001480 0.027707 0.000010 0.000010 0.000010 0.107891 0.101549 0.006664 0.754669
0.076222 0.000010 0.000010 0.000010 0.000010 0.000010 0.091942 0.000010 0.000010 0.831765
0.109892 0.064083 0.009139 0.011773 0.029862 0.070492 0.026045 0.544517 0.082217 0.051982
0.021635 0.051629 0.000010 0.035630 0.000010 0.000010 0.125168 0.042832 0.000010 0.723065
0.055868 0.000010 0.000010 0.042487 0.000010 0.000010 0.045578 0.109400 0.014646 0.731981
0.095391 0.000010 0.000010 0.000010 0.000010 0.000010 0.017708 0.008612 0.038124 0.840114
0.000010 0.000010 0.000010 0.999910 0.000010 0.000010 0.000010 0.000010 0.000010 0.000010
0.000010 0.000010 0.000010 0.999910 0.000010 0.000010 0.000010 0.000010 0.000010 0.000010
0.000010 0.000010 0.000010 0.999910 0.000010 0.000010 0.000010 0.000010 0.000010 0.000010
0.000010 0.000010 0.000010 0.999910 0.000010 0.000010 0.000010 0.000010 0.000010 0.000010
0.000010 0.000010 0.000010 0.999910 0.000010 0.000010 0.000010 0.000010 0.000010 0.000010
0.000010 0.000010 0.000010 0.999910 0.000010 0.000010 0.000010 0.000010 0.000010 0.000010
0.000010 0.000010 0.000010 0.999903 0.000010 0.000010 0.000010 0.000010 0.000017 0.000010
0.000010 0.000010 0.000010 0.999910 0.000010 0.000010 0.000010 0.000010 0.000010 0.000010
0.000010 0.000010 0.000010 0.775450 0.000010 0.000010 0.050601 0.000010 0.173879 0.000010
0.000010 0.000010 0.632800 0.000015 0.367115 0.000010 0.000010 0.000010 0.000010 0.000010
0.000010 0.000010 0.000010 0.000010 0.999910 0.000010 0.000010 0.000010 0.000010 0.000010
0.000010 0.000010 0.679640 0.000010 0.320274 0.000016 0.000010 0.000010 0.000010 0.000010
0.000010 0.000010 0.000010 0.000010 0.999910 0.000010 0.000010 0.000010 0.000010 0.000010
0.000010 0.000010 0.000010 0.000010 0.999910 0.000010 0.000010 0.000010 0.000010 0.000010
0.000016 0.000010 0.657000 0.000010 0.342914 0.000010 0.000010 0.000010 0.000010 0.000010
0.000010 0.000010 0.000010 0.000010 0.999910 0.000010 0.000010 0.000010 0.000010 0.000010
0.000010 0.000010 0.999910 0.000010 0.000010 0.000010 0.000010 0.000010 0.000010 0.000010
0.000010 0.000010 0.000010 0.000010 0.999910 0.000010 0.000010 0.000010 0.000010 0.000010
0.000010 0.000010 0.999910 0.000010 0.000010 0.000010 0.000010 0.000010 0.000010 0.000010
0.000010 0.000010 0.999910 0.000010 0.000010 0.000010 0.000010 0.000010 0.000010 0.000010
0.000010 0.000010 0.999910 0.000010 0.000010 0.000010 0.000010 0.000010 0.000010 0.000010
0.000010 0.000011 0.585568 0.000013 0.414347 0.000010 0.000010 0.000010 0.000010 0.000010
0.000010 0.000010 0.308514 0.000010 0.691406 0.000010 0.000010 0.000010 0.000010 0.000010
0.000010 0.000010 0.999910 0.000010 0.000010 0.000010 0.000010 0.000010 0.000010 0.000010
0.000010 0.000010 0.421260 0.000018 0.578652 0.000010 0.000010 0.000010 0.000010 0.000010
0.000010 0.000010 0.288450 0.000010 0.711470 0.000010 0.000010 0.000010 0.000010 0.000010
0.000010 0.000010 0.999910 0.000010 0.000010 0.000010 0.000010 0.000010 0.000010 0.000010
0.000010 0.000010 0.999910 0.000010 0.000010 0.000010 0.000010 0.000010 0.000010 0.000010
0.000010 0.000010 0.649425 0.000010 0.350495 0.000010 0.000010 0.000010 0.000010 0.000010
0.000010 0.000011 0.385226 0.000017 0.614687 0.000010 0.000010 0.000010 0.000010 0.000010
0.000010 0.000010 0.000010 0.000010 0.999910 0.000010 0.000010 0.000010 0.000010 0.000010
0.000010 0.000010 0.000010 0.000010 0.999910 0.000010 0.000010 0.000010 0.000010 0.000010
0.000010 0.000010 0.322087 0.000010 0.677833 0.000010 0.000010 0.000010 0.000010 0.000010
0.000010 0.000010 0.324995 0.000010 0.674925 0.000010 0.000010 0.000010 0.000010 0.000010
0.000010 0.999906 0.000014 0.000010 0.000010 0.000010 0.000010 0.000010 0.000010 0.000010
0.144809 0.564731 0.000010 0.021180 0.018322 0.000010 0.023438 0.105810 0.000010 0.121679
0.123781 0.670347 0.000010 0.040128 0.018610 0.000010 0.000010 0.028452 0.000010 0.118641
0.000010 0.949368 0.050552 0.000010 0.000010 0.000010 0.000010 0.000010 0.000010 0.000010
0.000010 0.999910 0.000010 0.000010 0.000010 0.000010 0.000010 0.000010 0.000010 0.000010
0.000010 0.950200 0.000010 0.049720 0.000010 0.000010 0.000010 0.000010 0.000010 0.000010
0.162166 0.524397 0.000010 0.000010 0.057001 0.000010 0.049183 0.077568 0.000010 0.129645
0.000010 0.999906 0.000010 0.000010 0.000010 0.000010 0.000014 0.000010 0.000010 0.000010
0.000010 0.999910 0.000010 0.000010 0.000010 0.000010 0.000010 0.000010 0.000010 0.000010
0.000010 0.999910 0.000010 0.000010 0.000010 0.000010 0.000010 0.000010 0.000010 0.000010
0.375611 0.612336 0.011983 0.000010 0.000010 0.000010 0.000010 0.000010 0.000010 0.000010
0.000010 0.813683 0.000010 0.013040 0.051064 0.000010 0.122153 0.000010 0.000010 0.000010
0.000010 0.000010 0.000010 0.057238 0.026534 0.000010 0.000010 0.000010 0.916158 0.000010
0.000010 0.000010 0.000010 0.000010 0.005510 0.026644 0.000010 0.000010 0.967776 0.000010
0.000010 0.000010 0.000010 0.000010 0.036832 0.002379 0.000010 0.000010 0.960720 0.000010
0.000010 0.000010 0.044735 0.200047 0.000010 0.000010 0.000010 0.000010 0.755148 0.000010
0.000010 0.000010 0.052082 0.000010 0.000010 0.000010 0.000010 0.000010 0.947838 0.000010
0.000010 0.000010 0.034493 0.077131 0.000010 0.010523 0.000010 0.000010 0.877792 0.000010
0.000010 0.000010 0.000010 0.000010 0.000010 0.000010 0.000010 0.000010 0.999910 0.000010
0.000010 0.000010 0.000010 0.000010 0.034574 0.003678 0.000010 0.000010 0.961677 0.000010
0.000010 0.000010 0.000010 0.000010 0.018699 0.000010 0.000010 0.000010 0.981221 0.000010
0.000010 0.000010 0.000010 0.205586 0.013292 0.045533 0.000010 0.000010 0.735529 0.000010
0.000010 0.000010 0.000010 0.000010 0.000010 0.000010 0.000010 0.000010 0.999910 0.000010
0.000010 0.000010 0.000010 0.000010 0.000010 0.000010 0.000010 0.000010 0.999910 0.000010
0.000010 0.000010 0.000010 0.000010 0.023265 0.000010 0.000010 0.000010 0.976655 0.000010
0.000010 0.000010 0.009021 0.111569 0.000010 0.024578 0.000010 0.000010 0.854772 0.000010
0.000010 0.000010 0.000010 0.000010 0.000010 0.017993 0.000010 0.000010 0.981927 0.000010
0.000010 0.000010 0.000010 0.000010 0.023163 0.000010 0.000010 0.000010 0.976757 0.000010
0.000010 0.000010 0.000010 0.130211 0.011717 0.008881 0.000010 0.000010 0.849131 0.000010
0.000010 0.000010 0.026696 0.110677 0.000010 0.000791 0.000010 0.000010 0.861775 0.000010
0.000010 0.000010 0.017862 0.000010 0.000010 0.000010 0.000010 0.000010 0.982058 0.000010
0.000010 0.000010 0.000010 0.182741 0.000010 0.000010 0.000010 0.000010 0.817179 0.000010
0.000010 0.000010 0.000010 0.000010 0.008404 0.000010 0.000010 0.000010 0.991516 0.000010
0.000010 0.000010 0.000010 0.182977 0.004603 0.007227 0.000010 0.000010 0.805133 0.000010
0.000010 0.000010 0.000010 0.000010 0.015589 0.000010 0.000010 0.000010 0.984331 0.000010
0.000010 0.000010 0.000010 0.000010 0.000010 0.000010 0.000010 0.000010 0.999910 0.000010
0.000010 0.000010 0.000010 0.116517 0.000010 0.029303 0.000010 0.000010 0.854110 0.000010
0.000010 0.000010 0.000010 0.078550 0.000010 0.018438 0.000010 0.000010 0.902942 0.000010
0.000010 0.000010 0.000010 0.116958 0.000010 0.000010 0.000010 0.000010 0.882962 0.000010
0.000010 0.000010 0.007783 0.176711 0.000010 0.079679 0.000010 0.000010 0.735768 0.000010
0.000010 0.000010 0.030289 0.166249 0.000010 0.063707 0.000010 0.000010 0.739695 0.000010
0.000010 0.000010 0.000010 0.151163 0.000010 0.000010 0.000010 0.000010 0.848757 0.000010
0.000010 0.000010 0.000010 0.183005 0.010883 0.000010 0.000010 0.000010 0.806042 0.000010
0.000010 0.000010 0.020233 0.000010 0.000010 0.000010 0.000010 0.000010 0.979687 0.000010
0.000010 0.000010 0.000010 0.462282 0.030054 0.435879 0.000010 0.000013 0.071723 0.000010
0.000010 0.000010 0.000010 0.308531 0.000010 0.300474 0.000010 0.000010 0.390925 0.000010
0.000010 0.000010 0.016294 0.128853 0.000010 0.510943 0.000010 0.000010 0.343850 0.000010
0.000010 0.000010 0.000010 0.153880 0.000010 0.446837 0.000010 0.000010 0.399213 0.000010
0.000010 0.000010 0.000010 0.249240 0.000010 0.273535 0.000010 0.000010 0.477155 0.000010
0.000010 0.000010 0.029847 0.101120 0.000010 0.404157 0.000010 0.000010 0.464816 0.000010
0.000010 0.000010 0.034716 0.064675 0.000010 0.303833 0.000010 0.000010 0.596717 0.000010
0.000010 0.000010 0.000010 0.032674 0.013700 0.449243 0.000010 0.000010 0.504323 0.000010
0.000010 0.000010 0.000010 0.478354 0.000010 0.521566 0.000010 0.000010 0.000010 0.000010
0.000010 0.000010 0.000010 0.143982 0.000010 0.503483 0.000010 0.000010 0.352465 0.000010
0.000010 0.000010 0.000010 0.000010 0.000010 0.355571 0.000010 0.000010 0.644349 0.000010
0.000010 0.000011 0.000010 0.000010 0.000010 0.764558 0.000010 0.000010 0.235361 0.000010
0.000010 0.000010 0.000010 0.311630 0.000010 0.341384 0.000010 0.000010 0.346916 0.000010
0.000010 0.000010 0.000010 0.275156 0.022538 0.475995 0.000010 0.000010 0.226251 0.000010
0.000010 0.000010 0.036638 0.106710 0.000010 0.458025 0.000010 0.000010 0.398566 0.000010
0.000010 0.000010 0.042130 0.000010 0.000010 0.403222 0.000010 0.000010 0.554578 0.000010
0.000010 0.000010 0.000010 0.255945 0.002221 0.395970 0.000010 0.000010 0.345804 0.000010
0.000010 0.000010 0.021027 0.182903 0.000010 0.177642 0.000010 0.000010 0.618368 0.000010
0.000010 0.000010 0.000010 0.424860 0.016969 0.268766 0.000010 0.000010 0.289345 0.000010
0.000010 0.000010 0.003266 0.151697 0.000010 0.324233 0.000010 0.000013 0.520742 0.000010
0.000010 0.000010 0.024401 0.148719 0.000010 0.269514 0.000010 0.000010 0.557307 0.000010
0.000010 0.000010 0.006944 0.158769 0.000010 0.371817 0.000010 0.000010 0.462410 0.000010
0.000010 0.000010 0.000010 0.103555 0.000010 0.667543 0.000010 0.000010 0.228831 0.000010
0.000010 0.000010 0.000010 0.032673 0.029966 0.466265 0.000010 0.000010 0.471036 0.000010
0.000010 0.000010 0.000010 0.378594 0.001225 0.301187 0.000010 0.000010 0.318934 0.000010
0.000010 0.000010 0.000010 0.239416 0.050491 0.279366 0.000010 0.000010 0.430667 0.000010
0.000010 0.000010 0.000010 0.086826 0.017401 0.307408 0.000010 0.000013 0.588302 0.000010
0.000010 0.000010 0.002853 0.020338 0.000010 0.646172 0.000010 0.000010 0.330577 0.000010
0.000010 0.000010 0.011523 0.188922 0.000010 0.368141 0.000010 0.000010 0.431354 0.000010
0.000010 0.000010 0.000010 0.169930 0.000010 0.720448 0.000010 0.000010 0.109552 0.000010
