0.022624 0.977346 0.000010 0.000010 0.000010
0.000010 0.999960 0.000010 0.000010 0.000010
0.000010 0.999960 0.000010 0.000010 0.000010
0.000010 0.999960 0.000010 0.000010 0.000010
0.000010 0.999960 0.000010 0.000010 0.000010
0.000010 0.999960 0.000010 0.000010 0.000010
0.000010 0.999960 0.000010 0.000010 0.000010
0.000010 0.999960 0.000010 0.000010 0.000010
0.011436 0.988534 0.000010 0.000010 0.000010
0.012248 0.987722 0.000010 0.000010 0.000010
0.000010 0.999960 0.000010 0.000010 0.000010
0.000011 0.169688 0.248397 0.000010 0.581894
0.000010 0.148883 0.311296 0.000010 0.539800
0.000010 0.136070 0.351267 0.000010 0.512643
0.000010 0.336162 0.002542 0.000010 0.661276
0.000013 0.342980 0.000010 0.000010 0.656987
0.000010 0.303724 0.094490 0.000010 0.601767
0.032558 0.294566 0.000010 0.000010 0.672856
0.025835 0.225792 0.026321 0.000010 0.722042
0.000010 0.342519 0.000010 0.000010 0.657451
0.000010 0.270025 0.031555 0.010616 0.687795
0.000010 0.360625 0.001402 0.001099 0.636864
0.023217 0.336071 0.000017 0.000010 0.640686
0.000010 0.260959 0.083777 0.030084 0.625170
0.006578 0.313047 0.000010 0.000010 0.680355
0.030670 0.316741 0.000010 0.015938 0.636641
0.020012 0.265086 0.000010 0.007377 0.707515
0.021712 0.311469 0.040084 0.013618 0.613116
0.000010 0.315368 0.014364 0.000723 0.669535
0.005979 0.270215 0.039981 0.051739 0.632086
0.009633 0.320025 0.030170 0.000010 0.640161
0.044462 0.284894 0.154565 0.000010 0.516069
0.000010 0.262932 0.100321 0.010677 0.626061
0.000010 0.265225 0.068147 0.024247 0.642370
0.000010 0.269362 0.026157 0.000010 0.704460
0.000010 0.270764 0.070972 0.021229 0.637025
0.000010 0.288790 0.040943 0.023387 0.646871
0.032970 0.267128 0.133456 0.000010 0.566436
0.000010 0.208165 0.136585 0.011182 0.644058
0.033678 0.238059 0.120990 0.008178 0.599095
0.000010 0.210601 0.058581 0.004868 0.725941
0.000010 0.203120 0.119072 0.011522 0.666276
0.022406 0.268013 0.019200 0.000010 0.690371
0.012262 0.230739 0.101080 0.000010 0.655910
0.014478 0.227269 0.137791 0.000010 0.620451
0.033669 0.201831 0.116148 0.000010 0.648342
0.000010 0.206278 0.030202 0.007213 0.756296
0.009484 0.226949 0.091084 0.000010 0.672473
0.022797 0.209070 0.103262 0.000010 0.664861
0.006131 0.227672 0.153099 0.000010 0.613088
0.000010 0.253644 0.086754 0.000010 0.659582
0.031560 0.303155 0.058050 0.000010 0.607225
0.031059 0.213940 0.054973 0.000010 0.700019
0.038904 0.211717 0.090076 0.000010 0.659293
0.034538 0.000010 0.335765 0.000010 0.629677
0.011101 0.003671 0.287176 0.019907 0.678145
0.000010 0.000010 0.357967 0.021840 0.620173
0.000010 0.000010 0.355221 0.014375 0.630384
0.019318 0.000010 0.194086 0.000010 0.786576
0.017248 0.000010 0.300188 0.000010 0.682545
0.000010 0.001805 0.265136 0.021487 0.711561
0.006471 0.002554 0.292919 0.013646 0.684410
0.028645 0.000010 0.242829 0.004756 0.723760
0.026148 0.000010 0.301197 0.000010 0.672635
0.000010 0.000010 0.322638 0.034025 0.643317
0.019476 0.000010 0.309147 0.022254 0.649113
0.018837 0.000010 0.317084 0.014306 0.649762
0.037636 0.002961 0.328067 0.000010 0.631326
0.022797 0.000010 0.352595 0.000010 0.624588
0.005677 0.000010 0.212006 0.054506 0.727802
0.120826 0.000010 0.706565 0.092325 0.080273
0.011105 0.000010 0.298625 0.022444 0.667816
0.016971 0.007999 0.329633 0.004855 0.640542
0.018067 0.019552 0.297671 0.029433 0.635278
0.000010 0.000010 0.000010 0.999960 0.000010
0.000010 0.000010 0.000010 0.999960 0.000010
0.000010 0.000010 0.000010 0.999960 0.000010
0.000010 0.000010 0.000010 0.999960 0.000010
0.000010 0.000010 0.000010 0.999960 0.000010
0.000010 0.000010 0.000010 0.999960 0.000010
0.000010 0.000010 0.000010 0.999960 0.000010
0.000010 0.000010 0.000010 0.999960 0.000010
0.000010 0.000010 0.000010 0.999960 0.000010
0.000010 0.000010 0.000010 0.999960 0.000010
0.000010 0.000010 0.000010 0.999960 0.000010
0.000010 0.000010 0.000010 0.999960 0.000010
0.000010 0.000010 0.000010 0.999960 0.000010
0.005196 0.000010 0.000010 0.994774 0.000010
0.000010 0.000010 0.000010 0.999960 0.000010
0.000010 0.000010 0.000010 0.999960 0.000010
0.000010 0.000010 0.000010 0.999960 0.000010
0.000010 0.000010 0.000010 0.999960 0.000010
0.000010 0.000010 0.000010 0.999960 0.000010
0.000010 0.000010 0.000010 0.999960 0.000010
0.001899 0.000010 0.000010 0.998071 0.000010
0.011050 0.000010 0.000010 0.988920 0.000010
0.000010 0.000010 0.000010 0.999960 0.000010
0.000010 0.000010 0.000010 0.999960 0.000010
0.008992 0.000010 0.000010 0.990978 0.000010
0.000010 0.000010 0.000010 0.999960 0.000010
0.000010 0.000010 0.000010 0.999960 0.000010
0.017047 0.000010 0.000010 0.982923 0.000010
0.002559 0.000010 0.000010 0.997411 0.000010
0.002228 0.021998 0.962881 0.000010 0.012883
0.000010 0.037918 0.962052 0.000010 0.000010
0.000010 0.000010 0.999960 0.000010 0.000010
0.004777 0.037740 0.957463 0.000010 0.000010
0.000010 0.000010 0.999960 0.000010 0.000010
0.005857 0.000010 0.994113 0.000010 0.000010
0.000010 0.039671 0.921904 0.000010 0.038405
0.024968 0.000010 0.970607 0.004405 0.000010
0.000010 0.000010 0.916848 0.000010 0.083122
0.016450 0.050293 0.826111 0.000010 0.107136
0.000010 0.067094 0.737696 0.012657 0.182542
0.002181 0.029169 0.968630 0.000010 0.000010
0.012402 0.050989 0.855658 0.000010 0.080941
0.000010 0.018032 0.831567 0.001288 0.149103
0.007551 0.045699 0.877495 0.000010 0.069245
0.000010 0.032963 0.967007 0.000010 0.000010
0.031322 0.014797 0.874496 0.000010 0.079375
0.000010 0.021737 0.915480 0.013235 0.049538
0.000010 0.081542 0.918428 0.000010 0.000010
0.000010 0.000010 0.999960 0.000010 0.000010
0.000010 0.030322 0.822544 0.006730 0.140394
0.009788 0.024783 0.958595 0.006824 0.000010
0.000010 0.032100 0.904165 0.004859 0.058867
0.000010 0.031188 0.968782 0.000010 0.000010
0.000010 0.058358 0.895712 0.017379 0.028541
0.000010 0.049384 0.789914 0.000010 0.160681
0.031805 0.045358 0.848448 0.000010 0.074379
0.033956 0.027165 0.891189 0.000010 0.047680
0.000010 0.039043 0.875163 0.000010 0.085774
0.000010 0.012963 0.905885 0.000010 0.081132
0.000010 0.005776 0.863766 0.000010 0.130438
0.000010 0.080494 0.803841 0.009751 0.105904
0.006016 0.038428 0.950913 0.000010 0.004633
0.000010 0.044607 0.822450 0.019084 0.113848
0.011850 0.044411 0.845841 0.000010 0.097889
0.010632 0.042950 0.831723 0.000010 0.114684
0.009471 0.077945 0.832610 0.000010 0.079965
0.018522 0.109888 0.789411 0.000010 0.082169
0.014089 0.072452 0.830616 0.000010 0.082833
0.000010 0.134949 0.865021 0.000010 0.000010
0.020220 0.384479 0.087773 0.299653 0.207875
0.001245 0.106839 0.774151 0.001991 0.115774
0.006180 0.080737 0.820587 0.027107 0.065389
0.000010 0.035566 0.903088 0.010657 0.050679
0.000010 0.105000 0.000010 0.894970 0.000010
0.000010 0.125789 0.000010 0.874181 0.000010
0.000010 0.127020 0.000010 0.872950 0.000010
0.000010 0.084810 0.000010 0.915160 0.000010
0.000010 0.077818 0.000010 0.922152 0.000010
0.000010 0.045869 0.000010 0.954101 0.000010
0.000010 0.096102 0.000010 0.903868 0.000010
0.000010 0.088449 0.000010 0.911521 0.000010
0.000010 0.157661 0.000010 0.828236 0.014083
0.999958 0.000010 0.000010 0.000012 0.000010
0.999960 0.000010 0.000010 0.000010 0.000010
0.999959 0.000010 0.000010 0.000011 0.000010
0.999960 0.000010 0.000010 0.000010 0.000010
0.999960 0.000010 0.000010 0.000010 0.000010
0.999960 0.000010 0.000010 0.000010 0.000010
0.999960 0.000010 0.000010 0.000010 0.000010
0.999956 0.000010 0.000010 0.000014 0.000010
0.999960 0.000010 0.000010 0.000010 0.000010
0.999960 0.000010 0.000010 0.000010 0.000010
0.999960 0.000010 0.000010 0.000010 0.000010
0.999960 0.000010 0.000010 0.000010 0.000010
0.999960 0.000010 0.000010 0.000010 0.000010
0.999960 0.000010 0.000010 0.000010 0.000010
0.999960 0.000010 0.000010 0.000010 0.000010
0.999960 0.000010 0.000010 0.000010 0.000010
0.999960 0.000010 0.000010 0.000010 0.000010
0.999960 0.000010 0.000010 0.000010 0.000010
0.999960 0.000010 0.000010 0.000010 0.000010
0.999960 0.000010 0.000010 0.000010 0.000010
0.999952 0.000018 0.000010 0.000010 0.000010
0.999960 0.000010 0.000010 0.000010 0.000010
0.999959 0.000011 0.000010 0.000010 0.000010
0.999955 0.000010 0.000010 0.000015 0.000010
0.999960 0.000010 0.000010 0.000010 0.000010
0.000010 0.000010 0.000010 0.000010 0.999960
0.020076 0.094973 0.132932 0.001406 0.750614
0.042013 0.094288 0.117294 0.000010 0.746396
0.043654 0.089212 0.012056 0.004881 0.850197
0.000010 0.051057 0.000016 0.000010 0.948907
0.000010 0.059330 0.019168 0.011428 0.910064
0.051879 0.105527 0.128111 0.000010 0.714473
0.000010 0.000010 0.000010 0.000010 0.999960
0.000010 0.097093 0.000010 0.000010 0.902877
0.016754 0.086823 0.000014 0.000010 0.896400
0.008168 0.116200 0.000010 0.000010 0.875612
0.050303 0.144868 0.000010 0.000010 0.804809
0.062142 0.044941 0.000010 0.892897 0.000010
0.055956 0.055415 0.000010 0.888609 0.000010
0.065636 0.057952 0.000010 0.876393 0.000010
0.057787 0.062484 0.000010 0.879709 0.000010
0.087372 0.047441 0.000010 0.861909 0.003268
0.068410 0.040364 0.000010 0.891206 0.000010
0.007734 0.039569 0.000010 0.952678 0.000010
0.068026 0.031456 0.000010 0.900498 0.000010
0.072665 0.034938 0.000010 0.892377 0.000010
0.037480 0.032986 0.000010 0.929514 0.000010
0.032247 0.035244 0.028894 0.903605 0.000010
0.000010 0.008986 0.000010 0.990984 0.000010
0.052472 0.066127 0.000010 0.881381 0.000010
0.046753 0.049731 0.000010 0.903497 0.000010
0.036183 0.019107 0.000010 0.944690 0.000010
0.049251 0.000010 0.000010 0.950719 0.000010
0.041642 0.069218 0.000010 0.889120 0.000010
0.062312 0.055641 0.000010 0.882027 0.000010
0.046804 0.042014 0.000010 0.911162 0.000010
0.018619 0.035281 0.000010 0.946079 0.000010
0.047663 0.047208 0.000010 0.905109 0.000010
0.042289 0.043206 0.000010 0.914484 0.000010
0.053371 0.048723 0.000010 0.897886 0.000010
0.029785 0.046230 0.000010 0.923965 0.000010
0.000010 0.059163 0.000010 0.940807 0.000010
0.036644 0.071430 0.000010 0.891907 0.000010
0.022393 0.091927 0.000010 0.885660 0.000010
0.039164 0.056004 0.000010 0.904812 0.000010
0.062048 0.051890 0.000010 0.886043 0.000010
0.039605 0.058936 0.000010 0.901439 0.000010
0.047401 0.024557 0.017707 0.910325 0.000010
0.048246 0.051345 0.000010 0.900389 0.000010
0.044420 0.000010 0.000010 0.955550 0.000010
0.024912 0.013681 0.000010 0.961388 0.000010
0.036100 0.000010 0.000010 0.963870 0.000010
0.017668 0.004804 0.000010 0.977508 0.000010
0.021926 0.018388 0.000010 0.959666 0.000010
0.052785 0.000010 0.000010 0.947185 0.000010
0.051434 0.009359 0.000010 0.939187 0.000010
0.022742 0.000010 0.000010 0.977228 0.000010
0.000010 0.000010 0.000010 0.999960 0.000010
0.000010 0.000010 0.000010 0.999960 0.000010
0.001098 0.000010 0.000010 0.998872 0.000010
0.000010 0.000010 0.000010 0.999960 0.000010
0.028025 0.000010 0.000010 0.971945 0.000010
0.038080 0.009817 0.000010 0.952083 0.000010
0.049513 0.000010 0.000010 0.950457 0.000010
0.062329 0.000010 0.000010 0.937641 0.000010
0.029559 0.000010 0.000010 0.970411 0.000010
0.045076 0.000010 0.000010 0.954894 0.000010
0.047942 0.017390 0.000010 0.934648 0.000010
0.026311 0.011585 0.000010 0.962084 0.000010
0.046691 0.020576 0.000010 0.932712 0.000010
0.027237 0.022181 0.000010 0.950562 0.000010
0.000778 0.000010 0.000010 0.999192 0.000010
0.038298 0.006193 0.000010 0.955489 0.000010
0.037354 0.016747 0.000010 0.945879 0.000010
0.067455 0.020263 0.000010 0.912262 0.000010
0.034864 0.022025 0.000010 0.943091 0.000010
0.006376 0.000010 0.000010 0.993594 0.000010
0.027675 0.021474 0.000010 0.950831 0.000010
0.000010 0.000010 0.000010 0.999960 0.000010
