0.023619 0.000010 0.000010 0.000010 0.000010 0.000010 0.102415 0.000010 0.873876 0.000010 0.000010 0.000010
0.000010 0.000010 0.000010 0.000010 0.000010 0.000010 0.000010 0.000010 0.999890 0.000010 0.000010 0.000010
0.000010 0.000010 0.000010 0.000010 0.000010 0.000010 0.000010 0.000010 0.999890 0.000010 0.000010 0.000010
0.000010 0.000010 0.000010 0.000010 0.000010 0.000010 0.000010 0.000010 0.999890 0.000010 0.000010 0.000010
0.000010 0.000010 0.000010 0.000010 0.000010 0.000010 0.000010 0.000010 0.999890 0.000010 0.000010 0.000010
0.000010 0.000010 0.000010 0.000010 0.000010 0.000010 0.000010 0.000010 0.999890 0.000010 0.000010 0.000010
0.000010 0.000010 0.000010 0.000010 0.000010 0.000010 0.000010 0.000010 0.999890 0.000010 0.000010 0.000010
0.000010 0.000010 0.000010 0.000010 0.000010 0.000010 0.000010 0.000010 0.999890 0.000010 0.000010 0.000010
0.027107 0.000010 0.000010 0.000010 0.000010 0.000010 0.000010 0.000010 0.972793 0.000010 0.000010 0.000010
0.000010 0.000010 0.000010 0.000010 0.062135 0.000010 0.000010 0.000010 0.937765 0.000010 0.000010 0.000010
0.000010 0.000010 0.000010 0.000010 0.000010 0.000010 0.000010 0.000010 0.999890 0.000010 0.000010 0.000010
0.000010 0.458387 0.000010 0.000010 0.000010 0.044475 0.147252 0.000010 0.349805 0.000010 0.000010 0.000010
0.000010 0.342887 0.000010 0.000010 0.000010 0.162627 0.125575 0.000010 0.288141 0.080700 0.000010 0.000010
0.000010 0.425291 0.000010 0.000010 0.000010 0.198980 0.032213 0.000010 0.300727 0.016694 0.000010 0.026034
0.000010 0.000010 0.000010 0.000010 0.000010 0.000010 0.000010 0.000010 0.000010 0.000010 0.000010 0.999890
0.000010 0.000010 0.000010 0.000010 0.000010 0.000010 0.000010 0.000010 0.015803 0.000010 0.000010 0.984097
0.000010 0.058989 0.000010 0.000010 0.000010 0.052899 0.000010 0.000010 0.000010 0.000010 0.000010 0.888022
0.000010 0.000010 0.036867 0.000010 0.000010 0.000010 0.000010 0.000010 0.029283 0.039208 0.000010 0.894562
0.021575 0.000010 0.000010 0.000010 0.000010 0.000010 0.000010 0.000010 0.000010 0.000010 0.000010 0.978325
0.000010 0.000010 0.000010 0.000010 0.000010 0.000010 0.000010 0.000010 0.000010 0.032782 0.000010 0.967118
0.000010 0.000010 0.000010 0.000010 0.000010 0.000010 0.105314 0.000010 0.000010 0.000010 0.000010 0.894586
0.000010 0.000010 0.000010 0.000010 0.000010 0.000010 0.000010 0.000010 0.075108 0.000010 0.000010 0.924792
0.000010 0.000010 0.000010 0.000010 0.000010 0.000010 0.000010 0.000010 0.000010 0.000010 0.000010 0.999890
0.000010 0.000010 0.000010 0.000010 0.000010 0.089683 0.009918 0.000010 0.000010 0.027536 0.041116 0.831677
0.000010 0.000010 0.000010 0.000010 0.000010 0.000010 0.156846 0.000010 0.036230 0.000365 0.000010 0.806480
0.000010 0.000010 0.020841 0.000010 0.000011 0.000010 0.000010 0.000010 0.000010 0.000010 0.000010 0.979057
0.000010 0.000010 0.000010 0.000010 0.037891 0.000010 0.000010 0.000010 0.000010 0.000010 0.000010 0.962009
0.012588 0.000010 0.000010 0.000010 0.000010 0.000011 0.057990 0.000010 0.000010 0.009532 0.028019 0.891799
0.000010 0.000010 0.000010 0.000010 0.000010 0.000010 0.000010 0.000010 0.017491 0.000010 0.000010 0.982409
0.000010 0.000010 0.000010 0.000010 0.000010 0.000010 0.000010 0.061971 0.000010 0.000010 0.000010 0.937929
0.000010 0.000010 0.002900 0.000010 0.000010 0.000010 0.130567 0.002447 0.054862 0.014415 0.000010 0.794749
0.042614 0.034046 0.000010 0.000010 0.000010 0.082440 0.265183 0.000010 0.143385 0.040365 0.014987 0.376939
0.000010 0.020246 0.000010 0.000010 0.004214 0.050241 0.367488 0.000010 0.065763 0.148909 0.010263 0.332837
0.000010 0.050284 0.000010 0.000010 0.014063 0.000010 0.139334 0.017308 0.067970 0.227434 0.000010 0.483557
0.000010 0.030518 0.000010 0.000010 0.000010 0.000010 0.264133 0.000010 0.048376 0.044204 0.000010 0.612699
0.000010 0.043742 0.000010 0.000010 0.000012 0.006547 0.590471 0.042906 0.072636 0.059435 0.000010 0.184212
0.000010 0.000010 0.000010 0.000010 0.013500 0.000010 0.986400 0.000010 0.000010 0.000010 0.000010 0.000010
0.039097 0.006611 0.000010 0.000010 0.000010 0.074762 0.638408 0.000010 0.092882 0.056747 0.000010 0.091443
0.000010 0.000010 0.000010 0.000010 0.035833 0.050100 0.622658 0.000010 0.000010 0.073517 0.000010 0.217822
0.000010 0.000010 0.004482 0.000010 0.000010 0.000010 0.958072 0.000010 0.000010 0.000010 0.037356 0.000010
0.000010 0.000010 0.000010 0.000010 0.000010 0.000010 0.999890 0.000010 0.000010 0.000010 0.000010 0.000010
0.000010 0.072589 0.000010 0.000010 0.000010 0.065570 0.589983 0.000010 0.005652 0.029780 0.019811 0.216565
0.000010 0.000010 0.009404 0.000010 0.000010 0.000010 0.990496 0.000010 0.000010 0.000010 0.000010 0.000010
0.000010 0.006901 0.007454 0.000010 0.000010 0.060045 0.669514 0.000015 0.001861 0.146751 0.000010 0.107419
0.000010 0.000010 0.000010 0.000010 0.054768 0.000010 0.878195 0.000010 0.066947 0.000010 0.000010 0.000010
0.028453 0.000010 0.000010 0.000010 0.000010 0.000010 0.971447 0.000010 0.000010 0.000010 0.000010 0.000010
0.000010 0.002659 0.000010 0.000010 0.000010 0.000010 0.787293 0.020255 0.017180 0.153946 0.000010 0.018607
0.000010 0.094189 0.012274 0.000010 0.000010 0.022827 0.638378 0.000010 0.000010 0.083983 0.000010 0.148290
0.000010 0.050275 0.024034 0.000010 0.000010 0.004187 0.667534 0.000010 0.000010 0.022632 0.000010 0.231278
0.001941 0.000010 0.000010 0.000010 0.000010 0.011554 0.901984 0.000010 0.000020 0.000010 0.000010 0.084432
0.000010 0.000010 0.000010 0.000010 0.000010 0.000010 0.851769 0.000010 0.081477 0.066663 0.000010 0.000010
0.027837 0.035426 0.000010 0.000010 0.000010 0.000010 0.767882 0.002335 0.104770 0.061690 0.000010 0.000010
0.000010 0.000010 0.027793 0.000010 0.000010 0.000010 0.972107 0.000010 0.000010 0.000010 0.000010 0.000010
0.000010 0.000010 0.032562 0.000010 0.000010 0.000010 0.798777 0.000010 0.000010 0.086729 0.000010 0.081853
0.000010 0.799069 0.024942 0.000010 0.000010 0.066451 0.014695 0.000010 0.000010 0.000010 0.000010 0.094772
0.000010 0.882583 0.000010 0.000010 0.024072 0.000010 0.000010 0.000010 0.000010 0.093255 0.000010 0.000010
0.000010 0.770626 0.000010 0.000010 0.000010 0.084792 0.116387 0.000010 0.010911 0.000010 0.015824 0.001400
0.000010 0.789836 0.000010 0.000010 0.000010 0.048299 0.000010 0.000010 0.000010 0.000010 0.000010 0.161776
0.000010 0.999890 0.000010 0.000010 0.000010 0.000010 0.000010 0.000010 0.000010 0.000010 0.000010 0.000010
0.000010 0.999890 0.000010 0.000010 0.000010 0.000010 0.000010 0.000010 0.000010 0.000010 0.000010 0.000010
0.000010 0.999890 0.000010 0.000010 0.000010 0.000010 0.000010 0.000010 0.000010 0.000010 0.000010 0.000010
0.000010 0.997395 0.000010 0.000010 0.000010 0.000010 0.000010 0.000010 0.000010 0.000010 0.002505 0.000010
0.000010 0.999890 0.000010 0.000010 0.000010 0.000010 0.000010 0.000010 0.000010 0.000010 0.000010 0.000010
0.000010 0.999890 0.000010 0.000010 0.000010 0.000010 0.000010 0.000010 0.000010 0.000010 0.000010 0.000010
0.005936 0.832141 0.000010 0.000010 0.000010 0.022242 0.000010 0.000010 0.000010 0.094316 0.000010 0.045295
0.028855 0.969819 0.000010 0.000010 0.000010 0.000010 0.000010 0.000010 0.000010 0.001236 0.000010 0.000010
0.008040 0.778228 0.000010 0.000010 0.014717 0.050461 0.000010 0.000010 0.000010 0.148483 0.000010 0.000010
0.024771 0.741990 0.000010 0.000010 0.020939 0.041543 0.000010 0.000010 0.031795 0.128639 0.000010 0.010272
0.001408 0.998492 0.000010 0.000010 0.000010 0.000010 0.000010 0.000010 0.000010 0.000010 0.000010 0.000010
0.000010 0.929026 0.000010 0.000010 0.000010 0.000010 0.000010 0.024171 0.000010 0.046713 0.000010 0.000010
0.000010 0.785329 0.000010 0.000010 0.000010 0.000010 0.000010 0.214571 0.000010 0.000010 0.000010 0.000010
0.000010 0.999890 0.000010 0.000010 0.000010 0.000010 0.000010 0.000010 0.000010 0.000010 0.000010 0.000010
0.000010 0.842097 0.000010 0.000010 0.000010 0.004653 0.000010 0.000010 0.044505 0.000010 0.000010 0.108665
0.000010 0.693770 0.000010 0.000010 0.000010 0.063571 0.071466 0.063876 0.000010 0.107247 0.000010 0.000010
0.000010 0.000010 0.000010 0.988771 0.011129 0.000010 0.000010 0.000010 0.000010 0.000010 0.000010 0.000010
0.000010 0.000010 0.000010 0.983354 0.016545 0.000010 0.000010 0.000012 0.000010 0.000010 0.000010 0.000010
0.001093 0.000010 0.000010 0.996633 0.000010 0.000010 0.000010 0.000010 0.000010 0.000010 0.002184 0.000010
0.000010 0.000010 0.000010 0.999890 0.000010 0.000010 0.000010 0.000010 0.000010 0.000010 0.000010 0.000010
0.000010 0.000010 0.000010 0.999890 0.000010 0.000010 0.000010 0.000010 0.000010 0.000010 0.000010 0.000010
0.000010 0.000010 0.000010 0.999890 0.000010 0.000010 0.000010 0.000010 0.000010 0.000010 0.000010 0.000010
0.000010 0.000010 0.000010 0.999890 0.000010 0.000010 0.000010 0.000010 0.000010 0.000010 0.000010 0.000010
0.000010 0.000010 0.000010 0.999890 0.000010 0.000010 0.000010 0.000010 0.000010 0.000010 0.000010 0.000010
0.000010 0.000010 0.000010 0.935437 0.000010 0.000010 0.000010 0.064463 0.000010 0.000010 0.000010 0.000010
0.000010 0.000010 0.000010 0.927781 0.000010 0.000010 0.000010 0.000010 0.000010 0.000010 0.072119 0.000010
0.000010 0.000010 0.000010 0.999890 0.000010 0.000010 0.000010 0.000010 0.000010 0.000010 0.000010 0.000010
0.000010 0.000010 0.000010 0.965025 0.000010 0.000010 0.000010 0.000010 0.000010 0.000010 0.034875 0.000010
0.000010 0.000010 0.000010 0.981810 0.000010 0.000010 0.000010 0.018090 0.000010 0.000010 0.000010 0.000010
0.000010 0.000010 0.000010 0.999890 0.000010 0.000010 0.000010 0.000010 0.000010 0.000010 0.000010 0.000010
0.000010 0.000010 0.000010 0.971019 0.000010 0.000010 0.000010 0.000010 0.000010 0.000010 0.028881 0.000010
0.000010 0.000010 0.000010 0.999890 0.000010 0.000010 0.000010 0.000010 0.000010 0.000010 0.000010 0.000010
0.000010 0.000010 0.000010 0.999890 0.000010 0.000010 0.000010 0.000010 0.000010 0.000010 0.000010 0.000010
0.000010 0.000010 0.000010 0.999890 0.000010 0.000010 0.000010 0.000010 0.000010 0.000010 0.000010 0.000010
0.000010 0.000010 0.000010 0.863529 0.000010 0.000010 0.000010 0.000010 0.000010 0.000010 0.136371 0.000010
0.000010 0.000010 0.000010 0.999890 0.000010 0.000010 0.000010 0.000010 0.000010 0.000010 0.000010 0.000010
0.000010 0.000010 0.000010 0.999890 0.000010 0.000010 0.000010 0.000010 0.000010 0.000010 0.000010 0.000010
0.000010 0.000010 0.000010 0.969788 0.000010 0.000010 0.000010 0.030112 0.000010 0.000010 0.000010 0.000010
0.000010 0.000010 0.000010 0.999890 0.000010 0.000010 0.000010 0.000010 0.000010 0.000010 0.000010 0.000010
0.000010 0.000010 0.000010 0.979533 0.000010 0.000010 0.000010 0.000010 0.000010 0.000010 0.020367 0.000010
0.000010 0.000010 0.000010 0.905993 0.000010 0.000010 0.000010 0.093907 0.000010 0.000010 0.000010 0.000010
0.000010 0.000010 0.000010 0.868359 0.000010 0.000010 0.000010 0.131541 0.000010 0.000010 0.000010 0.000010
0.000010 0.000010 0.000010 0.999890 0.000010 0.000010 0.000010 0.000010 0.000010 0.000010 0.000010 0.000010
0.000010 0.000010 0.000010 0.896261 0.000010 0.000010 0.000010 0.103639 0.000010 0.000010 0.000010 0.000010
0.021223 0.000010 0.000010 0.978677 0.000010 0.000010 0.000010 0.000010 0.000010 0.000010 0.000010 0.000010
0.019124 0.047657 0.000010 0.000010 0.000010 0.886880 0.046258 0.000010 0.000010 0.000010 0.000010 0.000010
0.000010 0.000010 0.000010 0.000010 0.032635 0.911120 0.000010 0.000010 0.056155 0.000010 0.000010 0.000010
0.000010 0.000010 0.010936 0.000010 0.007694 0.981280 0.000010 0.000010 0.000010 0.000010 0.000010 0.000010
0.000010 0.000010 0.024972 0.004807 0.000609 0.924541 0.000010 0.000010 0.045000 0.000010 0.000010 0.000010
0.004328 0.028735 0.000010 0.000010 0.000010 0.961401 0.000010 0.004285 0.000010 0.001181 0.000010 0.000010
0.015104 0.000010 0.000010 0.000010 0.016578 0.935427 0.000010 0.000010 0.000010 0.032812 0.000010 0.000010
0.000010 0.051019 0.007018 0.000010 0.000010 0.855068 0.000010 0.000010 0.012521 0.000010 0.000010 0.074304
0.000010 0.000010 0.019459 0.000010 0.000010 0.933276 0.000010 0.000010 0.000010 0.006496 0.040690 0.000010
0.000010 0.064296 0.000010 0.000010 0.000010 0.870800 0.000010 0.000010 0.000010 0.062051 0.000010 0.002773
0.020471 0.118873 0.000010 0.000010 0.009353 0.751162 0.075465 0.000010 0.019914 0.000010 0.000010 0.004711
0.000010 0.043055 0.000010 0.000010 0.046040 0.649594 0.225113 0.000010 0.005007 0.031131 0.000010 0.000010
0.000010 0.000010 0.020283 0.000010 0.000010 0.939621 0.000010 0.000010 0.040006 0.000010 0.000010 0.000010
0.000010 0.028919 0.027039 0.000010 0.000010 0.782561 0.000010 0.000475 0.045875 0.033307 0.000010 0.081775
0.000010 0.026548 0.000010 0.000010 0.000010 0.741256 0.137777 0.000010 0.012730 0.048703 0.019026 0.013909
0.000010 0.097638 0.000010 0.000010 0.000010 0.775344 0.000010 0.034512 0.053525 0.038911 0.000010 0.000010
0.000010 0.000010 0.000010 0.003519 0.000010 0.884581 0.035264 0.000010 0.066029 0.008929 0.001618 0.000010
0.045472 0.084481 0.000010 0.000010 0.000010 0.768464 0.010462 0.000010 0.000010 0.000010 0.000010 0.091052
0.000010 0.000010 0.000010 0.000010 0.019496 0.844665 0.075671 0.023410 0.025577 0.011122 0.000010 0.000010
0.000010 0.000010 0.000010 0.000010 0.059150 0.883657 0.025184 0.000010 0.029265 0.000010 0.000010 0.002675
0.000010 0.021399 0.000010 0.000010 0.008271 0.939656 0.000010 0.000010 0.000010 0.030593 0.000010 0.000010
0.000010 0.056500 0.000010 0.002161 0.015254 0.738066 0.097166 0.012661 0.018268 0.059884 0.000010 0.000010
0.000010 0.000010 0.000010 0.000010 0.079722 0.920178 0.000010 0.000010 0.000010 0.000010 0.000010 0.000010
0.000010 0.000010 0.000010 0.000010 0.000010 0.853407 0.000010 0.036836 0.046866 0.062812 0.000010 0.000010
0.000010 0.000010 0.000010 0.000010 0.000010 0.917161 0.063915 0.000010 0.018834 0.000010 0.000010 0.000010
0.000010 0.000010 0.000010 0.000010 0.000010 0.848982 0.039838 0.046874 0.000010 0.064225 0.000010 0.000010
0.000010 0.044013 0.000010 0.000010 0.016460 0.717047 0.017255 0.000010 0.065942 0.139223 0.000010 0.000010
0.042510 0.080698 0.000010 0.000010 0.000010 0.766703 0.063460 0.000010 0.043247 0.003321 0.000010 0.000010
0.025118 0.000010 0.000010 0.000010 0.046561 0.810418 0.099929 0.000010 0.003777 0.014136 0.000010 0.000010
0.000010 0.111333 0.000016 0.000010 0.000010 0.788958 0.063749 0.000010 0.020751 0.000010 0.015133 0.000010
0.000010 0.000010 0.000010 0.000010 0.003947 0.849900 0.146063 0.000010 0.000010 0.000010 0.000010 0.000010
0.000010 0.118564 0.000010 0.000010 0.026509 0.758303 0.000010 0.000019 0.000013 0.096532 0.000010 0.000010
0.000010 0.132515 0.000010 0.000010 0.034259 0.693872 0.000010 0.000010 0.072706 0.055001 0.000010 0.011586
0.000010 0.050862 0.002402 0.000010 0.033278 0.867495 0.000010 0.000010 0.043941 0.000010 0.000010 0.001962
0.000010 0.022968 0.000010 0.000010 0.047560 0.754501 0.000010 0.000010 0.087349 0.020768 0.000010 0.066794
0.002790 0.051754 0.000010 0.000010 0.016716 0.757069 0.000010 0.000010 0.041458 0.109921 0.020242 0.000010
0.000010 0.059950 0.003538 0.000010 0.000010 0.737380 0.036524 0.034115 0.079932 0.048511 0.000010 0.000010
0.026445 0.024718 0.000010 0.000010 0.000010 0.782629 0.003569 0.000010 0.068103 0.021151 0.000010 0.073335
0.020299 0.089634 0.000010 0.000010 0.000010 0.715285 0.014645 0.028705 0.074720 0.056662 0.000010 0.000010
0.017921 0.086016 0.000010 0.000010 0.000010 0.741590 0.007874 0.020424 0.097019 0.000010 0.000010 0.029107
0.000010 0.000010 0.000010 0.000010 0.000010 0.828249 0.000010 0.000010 0.013790 0.000010 0.000010 0.157871
0.170867 0.419968 0.023933 0.014452 0.068534 0.000184 0.047505 0.115492 0.004477 0.037828 0.080670 0.016091
0.000010 0.012406 0.004139 0.000010 0.000010 0.721449 0.062070 0.000010 0.110446 0.064128 0.025313 0.000010
0.000010 0.110740 0.000010 0.000010 0.057453 0.721635 0.060142 0.008548 0.041421 0.000010 0.000010 0.000010
0.000010 0.000010 0.000010 0.000010 0.045295 0.804731 0.000010 0.000010 0.000010 0.000010 0.000010 0.149884
0.000010 0.000010 0.000010 0.000010 0.999881 0.000010 0.000010 0.000010 0.000010 0.000019 0.000010 0.000010
0.000010 0.000010 0.000010 0.000010 0.999890 0.000010 0.000010 0.000010 0.000010 0.000010 0.000010 0.000010
0.000015 0.000010 0.000010 0.000010 0.999885 0.000010 0.000010 0.000010 0.000010 0.000010 0.000010 0.000010
0.000010 0.000010 0.000010 0.000010 0.999890 0.000010 0.000010 0.000010 0.000010 0.000010 0.000010 0.000010
0.000010 0.000010 0.000010 0.000010 0.999890 0.000010 0.000010 0.000010 0.000010 0.000010 0.000010 0.000010
0.000010 0.000010 0.000010 0.000010 0.999889 0.000011 0.000010 0.000010 0.000010 0.000010 0.000010 0.000010
0.000010 0.000010 0.000010 0.000010 0.999890 0.000010 0.000010 0.000010 0.000010 0.000010 0.000010 0.000010
0.000010 0.000010 0.000010 0.000010 0.999886 0.000010 0.000010 0.000014 0.000010 0.000010 0.000010 0.000010
0.000010 0.000010 0.000010 0.000010 0.751690 0.000010 0.000010 0.194586 0.000010 0.000010 0.000010 0.053634
0.651277 0.000011 0.348622 0.000010 0.000010 0.000010 0.000010 0.000010 0.000010 0.000010 0.000010 0.000010
0.000010 0.000010 0.999890 0.000010 0.000010 0.000010 0.000010 0.000010 0.000010 0.000010 0.000010 0.000010
0.662111 0.000010 0.337789 0.000010 0.000010 0.000010 0.000010 0.000010 0.000010 0.000010 0.000010 0.000010
0.000010 0.000010 0.999890 0.000010 0.000010 0.000010 0.000010 0.000010 0.000010 0.000010 0.000010 0.000010
0.000010 0.000010 0.999890 0.000010 0.000010 0.000010 0.000010 0.000010 0.000010 0.000010 0.000010 0.000010
0.999890 0.000010 0.000010 0.000010 0.000010 0.000010 0.000010 0.000010 0.000010 0.000010 0.000010 0.000010
0.000010 0.000010 0.999890 0.000010 0.000010 0.000010 0.000010 0.000010 0.000010 0.000010 0.000010 0.000010
0.999890 0.000010 0.000010 0.000010 0.000010 0.000010 0.000010 0.000010 0.000010 0.000010 0.000010 0.000010
0.000010 0.000010 0.999890 0.000010 0.000010 0.000010 0.000010 0.000010 0.000010 0.000010 0.000010 0.000010
0.612408 0.000010 0.387492 0.000010 0.000010 0.000010 0.000010 0.000010 0.000010 0.000010 0.000010 0.000010
0.999890 0.000010 0.000010 0.000010 0.000010 0.000010 0.000010 0.000010 0.000010 0.000010 0.000010 0.000010
0.999890 0.000010 0.000010 0.000010 0.000010 0.000010 0.000010 0.000010 0.000010 0.000010 0.000010 0.000010
0.999890 0.000010 0.000010 0.000010 0.000010 0.000010 0.000010 0.000010 0.000010 0.000010 0.000010 0.000010
0.244544 0.000010 0.755356 0.000010 0.000010 0.000010 0.000010 0.000010 0.000010 0.000010 0.000010 0.000010
0.999890 0.000010 0.000010 0.000010 0.000010 0.000010 0.000010 0.000010 0.000010 0.000010 0.000010 0.000010
0.522209 0.000010 0.477691 0.000010 0.000010 0.000010 0.000010 0.000010 0.000010 0.000010 0.000010 0.000010
0.273770 0.000010 0.726121 0.000010 0.000010 0.000010 0.000010 0.000014 0.000010 0.000010 0.000015 0.000010
0.999890 0.000010 0.000010 0.000010 0.000010 0.000010 0.000010 0.000010 0.000010 0.000010 0.000010 0.000010
0.999890 0.000010 0.000010 0.000010 0.000010 0.000010 0.000010 0.000010 0.000010 0.000010 0.000010 0.000010
0.718234 0.000010 0.281666 0.000010 0.000010 0.000010 0.000010 0.000010 0.000010 0.000010 0.000010 0.000010
0.406222 0.000010 0.593678 0.000010 0.000010 0.000010 0.000010 0.000010 0.000010 0.000010 0.000010 0.000010
0.000010 0.000010 0.999890 0.000010 0.000010 0.000010 0.000010 0.000010 0.000010 0.000010 0.000010 0.000010
0.000010 0.000010 0.999890 0.000010 0.000010 0.000010 0.000010 0.000010 0.000010 0.000010 0.000010 0.000010
0.314252 0.000010 0.685648 0.000010 0.000010 0.000010 0.000010 0.000010 0.000010 0.000010 0.000010 0.000010
0.348108 0.000010 0.651792 0.000010 0.000010 0.000010 0.000010 0.000010 0.000010 0.000010 0.000010 0.000010
0.000010 0.000010 0.000010 0.000010 0.000010 0.000010 0.000010 0.000010 0.000010 0.999890 0.000010 0.000010
0.000010 0.113372 0.018337 0.000010 0.000010 0.113916 0.082001 0.016123 0.014468 0.565796 0.000010 0.075948
0.000010 0.053219 0.031995 0.000010 0.013629 0.119255 0.103167 0.000010 0.000010 0.678675 0.000010 0.000010
0.042181 0.000010 0.000010 0.000010 0.000010 0.000010 0.000010 0.000010 0.000010 0.957719 0.000010 0.000010
0.000010 0.000010 0.000010 0.000010 0.000010 0.000010 0.000010 0.000010 0.000010 0.999890 0.000010 0.000010
0.000010 0.000010 0.000010 0.000010 0.000010 0.000010 0.000010 0.014083 0.000010 0.985817 0.000010 0.000010
0.053859 0.054223 0.000010 0.000010 0.000010 0.120982 0.091075 0.000010 0.043226 0.515184 0.000010 0.121402
0.000010 0.000010 0.000010 0.000010 0.000010 0.000010 0.000010 0.000010 0.000010 0.999890 0.000010 0.000010
0.000010 0.000010 0.000010 0.000010 0.000010 0.000010 0.000010 0.000010 0.000010 0.999890 0.000010 0.000010
0.000010 0.000010 0.000010 0.000010 0.000010 0.000010 0.000010 0.000010 0.000010 0.999890 0.000010 0.000010
0.006180 0.000010 0.000010 0.000010 0.000010 0.000010 0.227369 0.000010 0.000010 0.595086 0.000010 0.171285
0.000010 0.000010 0.054113 0.000010 0.000010 0.000010 0.000010 0.000010 0.098513 0.806687 0.000010 0.040608
0.000010 0.000010 0.011558 0.004524 0.000010 0.000010 0.000010 0.000010 0.000010 0.000010 0.983828 0.000010
0.000010 0.000010 0.001125 0.067736 0.049259 0.000010 0.000010 0.000010 0.000010 0.000010 0.881800 0.000010
0.000010 0.000010 0.008633 0.016496 0.000010 0.000010 0.000010 0.000010 0.000010 0.000010 0.974781 0.000010
0.041173 0.000010 0.000010 0.000010 0.231911 0.000010 0.000010 0.099497 0.000010 0.000010 0.627339 0.000010
0.038500 0.000010 0.000010 0.006826 0.000010 0.000010 0.000010 0.000010 0.000010 0.000010 0.954584 0.000010
0.000010 0.000010 0.032592 0.013406 0.166766 0.000010 0.000010 0.040162 0.000010 0.000010 0.747005 0.000010
0.000010 0.000010 0.000010 0.000010 0.000010 0.000010 0.000010 0.302475 0.000010 0.000010 0.697425 0.000010
0.000010 0.000010 0.018463 0.049056 0.000010 0.000010 0.000010 0.000010 0.000010 0.000010 0.932391 0.000010
0.005242 0.000010 0.000010 0.000010 0.000010 0.000010 0.000010 0.257127 0.000010 0.000010 0.737541 0.000010
0.000010 0.000012 0.000010 0.000010 0.229805 0.000010 0.000010 0.330540 0.000010 0.000010 0.439563 0.000010
0.000010 0.000010 0.000010 0.000010 0.000010 0.000010 0.000010 0.000010 0.000010 0.000010 0.999890 0.000010
0.000010 0.000010 0.000010 0.000010 0.000010 0.000010 0.000010 0.213979 0.000010 0.000010 0.785921 0.000010
0.000010 0.000010 0.005575 0.000010 0.000010 0.000010 0.000010 0.151812 0.000010 0.000010 0.842524 0.000010
0.000010 0.000010 0.000010 0.046441 0.086490 0.000010 0.000010 0.000010 0.000010 0.000010 0.866978 0.000010
0.000010 0.000010 0.000010 0.018993 0.000010 0.000010 0.000010 0.000010 0.000010 0.000010 0.980907 0.000010
0.000010 0.000010 0.000010 0.000010 0.000010 0.000010 0.000010 0.299926 0.000010 0.000010 0.699974 0.000010
0.000010 0.000010 0.000010 0.039795 0.211204 0.000010 0.000010 0.000010 0.000010 0.000010 0.748911 0.000010
0.017322 0.000010 0.000010 0.000010 0.117322 0.000010 0.000010 0.257269 0.000010 0.000010 0.608007 0.000010
0.003320 0.000010 0.000010 0.000010 0.136730 0.000010 0.000010 0.077426 0.000010 0.000010 0.782444 0.000010
0.000010 0.000010 0.000010 0.000010 0.000010 0.000010 0.000010 0.318832 0.000010 0.000010 0.681068 0.000010
0.000010 0.000010 0.000010 0.000010 0.000010 0.000010 0.000010 0.000010 0.000010 0.000010 0.999890 0.000010
0.000010 0.000010 0.010061 0.000010 0.397851 0.000010 0.000010 0.100275 0.000010 0.000010 0.491733 0.000010
0.000010 0.000010 0.004712 0.034158 0.120457 0.000010 0.000010 0.000010 0.000010 0.000010 0.840592 0.000010
0.000010 0.000010 0.000010 0.020807 0.201566 0.000010 0.000010 0.000010 0.000010 0.000010 0.777537 0.000010
0.000010 0.000010 0.000010 0.000010 0.207738 0.000010 0.000010 0.181135 0.000010 0.000010 0.611037 0.000010
0.000010 0.000010 0.000010 0.000010 0.171297 0.000010 0.000010 0.182814 0.000010 0.000010 0.645799 0.000010
0.000010 0.000010 0.000010 0.000010 0.112697 0.000010 0.000010 0.000010 0.000010 0.000010 0.887203 0.000010
0.000207 0.000010 0.000010 0.080819 0.204831 0.000010 0.000010 0.069626 0.000010 0.000010 0.644446 0.000010
0.021659 0.000010 0.000010 0.085163 0.080462 0.000010 0.000010 0.000010 0.000010 0.000010 0.812636 0.000010
0.000010 0.000010 0.000010 0.000010 0.141746 0.000010 0.000010 0.050933 0.000010 0.000010 0.807231 0.000010
0.000010 0.000010 0.000010 0.000010 0.458832 0.000010 0.000010 0.118515 0.000010 0.000010 0.422563 0.000010
0.000010 0.000010 0.000010 0.000010 0.000010 0.000010 0.000010 0.000010 0.000010 0.000010 0.999890 0.000010
0.000010 0.000010 0.000010 0.000010 0.000010 0.000010 0.000010 0.999890 0.000010 0.000010 0.000010 0.000010
0.000010 0.000010 0.000010 0.000010 0.000010 0.000010 0.000010 0.999890 0.000010 0.000010 0.000010 0.000010
0.003103 0.000010 0.000010 0.334707 0.000010 0.000010 0.000010 0.456939 0.000010 0.000010 0.205171 0.000010
0.000010 0.000010 0.000010 0.233825 0.115283 0.000010 0.000010 0.650797 0.000010 0.000010 0.000016 0.000010
0.000010 0.000010 0.000010 0.000010 0.170927 0.000010 0.000010 0.828973 0.000010 0.000010 0.000010 0.000010
0.029484 0.000010 0.000010 0.261216 0.067970 0.000010 0.000010 0.428635 0.000010 0.000010 0.212625 0.000010
0.026871 0.000010 0.000010 0.236322 0.025853 0.000010 0.000010 0.235743 0.000010 0.000010 0.475141 0.000010
0.000010 0.000010 0.000010 0.282170 0.000010 0.000010 0.000010 0.400907 0.000010 0.000010 0.316832 0.000010
0.000010 0.000010 0.000010 0.000010 0.000010 0.000010 0.000010 0.999890 0.000010 0.000010 0.000010 0.000010
0.000010 0.000010 0.000010 0.000010 0.000010 0.000010 0.000010 0.999890 0.000010 0.000010 0.000010 0.000010
0.000010 0.000010 0.000010 0.000010 0.000010 0.000010 0.000010 0.999890 0.000010 0.000010 0.000010 0.000010
0.000010 0.000010 0.000010 0.669839 0.000010 0.000010 0.000010 0.232895 0.000010 0.000010 0.097176 0.000010
0.000010 0.000010 0.000010 0.000010 0.000010 0.000010 0.000010 0.999890 0.000010 0.000010 0.000010 0.000010
0.000010 0.000010 0.000010 0.000010 0.000010 0.000010 0.000010 0.999890 0.000010 0.000010 0.000010 0.000010
0.033626 0.000010 0.000010 0.226690 0.000010 0.000010 0.000010 0.621786 0.000010 0.000010 0.117818 0.000010
0.031240 0.000010 0.000010 0.323998 0.000010 0.000010 0.000010 0.216745 0.000010 0.000010 0.427936 0.000010
0.000010 0.000010 0.000010 0.122267 0.146905 0.000010 0.000010 0.730738 0.000010 0.000010 0.000010 0.000010
0.015645 0.000010 0.000010 0.000010 0.000010 0.000010 0.000010 0.596416 0.000010 0.000010 0.387849 0.000010
0.000010 0.000010 0.000010 0.000010 0.196162 0.000010 0.000010 0.803738 0.000010 0.000010 0.000010 0.000010
0.000010 0.000010 0.000014 0.175502 0.037998 0.000010 0.000010 0.471687 0.000010 0.000010 0.314728 0.000010
0.019773 0.000010 0.000010 0.202975 0.042474 0.000010 0.000010 0.234414 0.000010 0.000010 0.500294 0.000010
0.000010 0.000010 0.000010 0.188396 0.000010 0.000010 0.000010 0.526335 0.000010 0.000010 0.285179 0.000010
0.000010 0.000010 0.000010 0.580516 0.139393 0.000010 0.000010 0.280001 0.000010 0.000010 0.000010 0.000010
0.000010 0.000010 0.023028 0.367178 0.000010 0.000010 0.000010 0.233412 0.000010 0.000010 0.376302 0.000010
0.000010 0.000010 0.000010 0.000010 0.286740 0.000010 0.000010 0.713160 0.000010 0.000010 0.000010 0.000010
0.000010 0.000010 0.042560 0.106081 0.122618 0.000010 0.000010 0.501171 0.000010 0.000010 0.227499 0.000010
0.000010 0.000010 0.001261 0.196895 0.057210 0.000010 0.000010 0.396878 0.000010 0.000010 0.347686 0.000010
0.000010 0.000010 0.000010 0.566311 0.060776 0.000010 0.000010 0.208843 0.000010 0.000010 0.163990 0.000010
0.000010 0.000010 0.000010 0.121826 0.170963 0.000010 0.000010 0.707121 0.000010 0.000010 0.000010 0.000010
0.000010 0.000010 0.000010 0.553972 0.051553 0.000010 0.000010 0.394384 0.000010 0.000010 0.000010 0.000010
