0.000010 0.000010 0.023267 0.976683 0.000010 0.000010 0.000010
0.000010 0.000010 0.000010 0.999940 0.000010 0.000010 0.000010
0.000010 0.000010 0.000010 0.999940 0.000010 0.000010 0.000010
0.000010 0.000010 0.000010 0.999940 0.000010 0.000010 0.000010
0.000010 0.000010 0.000010 0.999940 0.000010 0.000010 0.000010
0.000010 0.000010 0.000010 0.999940 0.000010 0.000010 0.000010
0.000010 0.000010 0.000010 0.999940 0.000010 0.000010 0.000010
0.000010 0.000010 0.000010 0.999940 0.000010 0.000010 0.000010
0.000010 0.000010 0.014864 0.985086 0.000010 0.000010 0.000010
0.000010 0.000010 0.000010 0.999940 0.000010 0.000010 0.000010
0.000010 0.000010 0.000010 0.999940 0.000010 0.000010 0.000010
0.000010 0.281683 0.000010 0.167700 0.180274 0.370313 0.000010
0.000010 0.317151 0.000010 0.137989 0.264958 0.279872 0.000010
0.000010 0.237758 0.000010 0.132859 0.300908 0.328444 0.000010
0.000010 0.447896 0.000010 0.313811 0.000010 0.236520 0.001743
0.000010 0.449745 0.000010 0.329886 0.000010 0.220328 0.000010
0.000010 0.364372 0.000010 0.296739 0.051372 0.284903 0.002595
0.000010 0.456898 0.029441 0.262632 0.000010 0.250999 0.000010
0.000010 0.490796 0.022249 0.207613 0.000010 0.279312 0.000010
0.000010 0.507113 0.000010 0.325492 0.000010 0.165985 0.001381
0.000010 0.409821 0.000010 0.255013 0.000010 0.316539 0.018598
0.000010 0.440095 0.000010 0.324687 0.000010 0.227025 0.008162
0.000010 0.448124 0.006782 0.292147 0.000010 0.236855 0.016072
0.000010 0.433826 0.000010 0.214187 0.081593 0.220222 0.050151
0.000010 0.447396 0.001621 0.302136 0.000010 0.247626 0.001201
0.000010 0.438494 0.013196 0.304942 0.000010 0.194036 0.049312
0.000010 0.470007 0.004942 0.215758 0.000010 0.282591 0.026681
0.000010 0.448019 0.013759 0.283064 0.020307 0.204224 0.030618
0.000010 0.446767 0.000010 0.300132 0.006212 0.240143 0.006725
0.009768 0.435216 0.000010 0.221006 0.000010 0.281325 0.052664
0.000010 0.462619 0.010403 0.309633 0.000010 0.217314 0.000010
0.000010 0.370825 0.038159 0.251421 0.129389 0.192535 0.017662
0.000010 0.478300 0.000010 0.209579 0.089253 0.211383 0.011466
0.000010 0.494792 0.000010 0.210599 0.048618 0.203996 0.041975
0.000010 0.476435 0.000010 0.210953 0.000010 0.305285 0.007297
0.000010 0.443962 0.000010 0.238759 0.008339 0.281201 0.027719
0.016433 0.463885 0.000010 0.249059 0.000010 0.262565 0.008038
0.000010 0.428938 0.027931 0.234240 0.125672 0.176612 0.006597
0.000010 0.436325 0.000010 0.166456 0.093399 0.279064 0.024736
0.000010 0.455118 0.022104 0.208578 0.084653 0.201086 0.028451
0.000010 0.464830 0.000010 0.162565 0.000010 0.351675 0.020900
0.000010 0.432724 0.000010 0.147556 0.081659 0.321609 0.016432
0.000010 0.521218 0.017143 0.197357 0.000010 0.264252 0.000010
0.000010 0.474549 0.009204 0.202891 0.077274 0.236062 0.000010
0.000010 0.412171 0.012514 0.214117 0.066733 0.294445 0.000010
0.000010 0.437570 0.030198 0.170627 0.054119 0.307467 0.000010
0.000010 0.551863 0.000010 0.150051 0.014953 0.264799 0.018314
0.000010 0.455525 0.008757 0.190530 0.043145 0.302022 0.000010
0.000010 0.423118 0.021382 0.177489 0.047271 0.330719 0.000010
0.000010 0.391912 0.004418 0.221868 0.086630 0.295152 0.000010
0.000010 0.522767 0.000010 0.233450 0.044939 0.198814 0.000010
0.000010 0.429241 0.029025 0.264601 0.003629 0.269818 0.003675
0.000010 0.484541 0.026391 0.181818 0.004757 0.302473 0.000010
0.000010 0.482427 0.035936 0.173296 0.041671 0.266650 0.000010
0.000010 0.055343 0.022207 0.000010 0.092362 0.830058 0.000010
0.000010 0.097852 0.000010 0.000010 0.000010 0.896992 0.005116
0.000010 0.019971 0.000010 0.040678 0.102166 0.827590 0.009575
0.001120 0.030814 0.000010 0.042756 0.074938 0.850352 0.000010
0.000010 0.000010 0.000010 0.000010 0.000010 0.999940 0.000010
0.000010 0.000010 0.000010 0.000010 0.000010 0.999940 0.000010
0.000010 0.000010 0.000010 0.000010 0.000010 0.999940 0.000010
0.000010 0.000010 0.000010 0.000010 0.000010 0.999940 0.000010
0.000010 0.000010 0.000010 0.000010 0.000010 0.999940 0.000010
0.000010 0.000010 0.000010 0.000010 0.000010 0.999940 0.000010
0.000010 0.074070 0.002459 0.020172 0.033540 0.869738 0.000010
0.000010 0.014079 0.022167 0.000010 0.005807 0.957916 0.000010
0.000010 0.112287 0.002929 0.000010 0.071747 0.796275 0.016742
0.000010 0.085148 0.033194 0.046818 0.069075 0.765745 0.000010
0.000010 0.000010 0.000010 0.000010 0.000010 0.999940 0.000010
0.017574 0.000010 0.005478 0.000010 0.000010 0.976908 0.000010
0.000010 0.000010 0.075788 0.000010 0.000010 0.924162 0.000010
0.000010 0.000010 0.000010 0.000010 0.000010 0.999940 0.000010
0.000010 0.000010 0.000010 0.059606 0.018525 0.921829 0.000010
0.000010 0.107888 0.000010 0.028008 0.077665 0.738730 0.047690
0.999940 0.000010 0.000010 0.000010 0.000010 0.000010 0.000010
0.999940 0.000010 0.000010 0.000010 0.000010 0.000010 0.000010
0.999940 0.000010 0.000010 0.000010 0.000010 0.000010 0.000010
0.999940 0.000010 0.000010 0.000010 0.000010 0.000010 0.000010
0.999940 0.000010 0.000010 0.000010 0.000010 0.000010 0.000010
0.999940 0.000010 0.000010 0.000010 0.000010 0.000010 0.000010
0.999940 0.000010 0.000010 0.000010 0.000010 0.000010 0.000010
0.999940 0.000010 0.000010 0.000010 0.000010 0.000010 0.000010
0.999940 0.000010 0.000010 0.000010 0.000010 0.000010 0.000010
0.999940 0.000010 0.000010 0.000010 0.000010 0.000010 0.000010
0.999940 0.000010 0.000010 0.000010 0.000010 0.000010 0.000010
0.999940 0.000010 0.000010 0.000010 0.000010 0.000010 0.000010
0.999940 0.000010 0.000010 0.000010 0.000010 0.000010 0.000010
0.999940 0.000010 0.000010 0.000010 0.000010 0.000010 0.000010
0.999940 0.000010 0.000010 0.000010 0.000010 0.000010 0.000010
0.999940 0.000010 0.000010 0.000010 0.000010 0.000010 0.000010
0.999940 0.000010 0.000010 0.000010 0.000010 0.000010 0.000010
0.999940 0.000010 0.000010 0.000010 0.000010 0.000010 0.000010
0.909474 0.000010 0.000010 0.000010 0.000010 0.000010 0.090476
0.999940 0.000010 0.000010 0.000010 0.000010 0.000010 0.000010
0.999940 0.000010 0.000010 0.000010 0.000010 0.000010 0.000010
0.999940 0.000010 0.000010 0.000010 0.000010 0.000010 0.000010
0.999940 0.000010 0.000010 0.000010 0.000010 0.000010 0.000010
0.999940 0.000010 0.000010 0.000010 0.000010 0.000010 0.000010
0.989526 0.000010 0.001278 0.000010 0.000010 0.000010 0.009156
0.974888 0.000010 0.000010 0.000010 0.000010 0.000010 0.025062
0.999940 0.000010 0.000010 0.000010 0.000010 0.000010 0.000010
0.993309 0.000010 0.006641 0.000010 0.000010 0.000010 0.000010
0.989476 0.000010 0.010474 0.000010 0.000010 0.000010 0.000010
0.000010 0.000010 0.004914 0.000010 0.915578 0.079468 0.000010
0.007513 0.000010 0.000010 0.035843 0.956603 0.000010 0.000010
0.000010 0.000010 0.002179 0.000010 0.997771 0.000010 0.000010
0.000816 0.000010 0.009846 0.048959 0.940349 0.000010 0.000010
0.000010 0.000010 0.000010 0.000010 0.999940 0.000010 0.000010
0.000010 0.000010 0.012867 0.000010 0.987083 0.000010 0.000010
0.000010 0.009159 0.000010 0.025625 0.904390 0.060796 0.000010
0.000010 0.000010 0.017819 0.000010 0.954028 0.000010 0.028113
0.000010 0.042579 0.000010 0.000010 0.894164 0.063217 0.000010
0.000010 0.000010 0.014920 0.045674 0.787629 0.151747 0.000010
0.012943 0.103786 0.000010 0.055830 0.705332 0.117134 0.004965
0.000010 0.000010 0.004765 0.033170 0.962025 0.000010 0.000010
0.000213 0.056404 0.016423 0.058492 0.855187 0.013271 0.000010
0.004633 0.102485 0.000010 0.007254 0.809246 0.076361 0.000010
0.000010 0.053813 0.013157 0.026235 0.863905 0.042870 0.000010
0.000010 0.011898 0.000010 0.018334 0.969728 0.000010 0.000010
0.000010 0.022465 0.034422 0.015461 0.829086 0.098546 0.000010
0.000010 0.026523 0.000010 0.024585 0.905318 0.014361 0.029194
0.000010 0.022480 0.000010 0.039990 0.915346 0.000010 0.022155
0.000010 0.004221 0.000010 0.000010 0.995729 0.000010 0.000010
0.012586 0.097455 0.000010 0.010969 0.800822 0.078148 0.000010
0.000010 0.000010 0.000010 0.003671 0.951955 0.000010 0.044334
0.011201 0.090279 0.000010 0.013152 0.885338 0.000010 0.000010
0.000010 0.000010 0.000010 0.029209 0.950738 0.020013 0.000010
0.000010 0.056659 0.000010 0.016441 0.890146 0.000010 0.036723
0.000010 0.153729 0.000010 0.018311 0.774196 0.053734 0.000010
0.000010 0.016708 0.036078 0.043285 0.826492 0.077417 0.000010
0.000010 0.052984 0.036453 0.021575 0.888957 0.000010 0.000010
0.000010 0.024064 0.001891 0.045744 0.851724 0.076558 0.000010
0.000010 0.068259 0.000010 0.000920 0.910162 0.020630 0.000010
0.000010 0.069414 0.000010 0.000010 0.821041 0.098013 0.011502
0.013002 0.017487 0.000010 0.085958 0.765174 0.118359 0.000010
0.000010 0.000010 0.004132 0.035344 0.918064 0.030700 0.011739
0.000010 0.065100 0.000010 0.054130 0.805415 0.043199 0.032137
0.000010 0.079065 0.012134 0.022857 0.833243 0.040877 0.011815
0.000010 0.065778 0.011834 0.050739 0.799932 0.071510 0.000197
0.000010 0.027424 0.010433 0.045678 0.808842 0.107603 0.000010
0.000010 0.032460 0.016160 0.088931 0.766589 0.081146 0.014703
0.000010 0.031057 0.014983 0.073594 0.801744 0.070764 0.007848
0.000010 0.000010 0.000010 0.116548 0.847321 0.036091 0.000010
0.318577 0.304135 0.068153 0.088966 0.097316 0.079442 0.043410
0.000010 0.070506 0.000010 0.100658 0.751168 0.060148 0.017500
0.000010 0.000010 0.000010 0.068235 0.775340 0.111839 0.044556
0.000010 0.043140 0.000010 0.013832 0.890183 0.016808 0.036017
0.000010 0.000010 0.000010 0.000010 0.000010 0.000010 0.999940
0.000010 0.000010 0.000010 0.000010 0.000010 0.000010 0.999940
0.000010 0.000010 0.000010 0.000286 0.000010 0.000010 0.999664
0.000010 0.000010 0.000010 0.000010 0.000010 0.000010 0.999940
0.000010 0.000010 0.000010 0.000010 0.000010 0.000010 0.999940
0.000010 0.000010 0.000010 0.000010 0.000010 0.000010 0.999940
0.000010 0.000010 0.000010 0.000010 0.000010 0.000010 0.999940
0.000010 0.000010 0.000010 0.000010 0.000010 0.000010 0.999940
0.008110 0.030810 0.000010 0.042793 0.000010 0.006482 0.911785
0.000010 0.000010 0.999940 0.000010 0.000010 0.000010 0.000010
0.000010 0.000010 0.999940 0.000010 0.000010 0.000010 0.000010
0.000010 0.000010 0.999940 0.000010 0.000010 0.000010 0.000010
0.000010 0.000010 0.999940 0.000010 0.000010 0.000010 0.000010
0.000010 0.000010 0.999940 0.000010 0.000010 0.000010 0.000010
0.000010 0.000010 0.999940 0.000010 0.000010 0.000010 0.000010
0.000010 0.000010 0.999938 0.000012 0.000010 0.000010 0.000010
0.000013 0.000010 0.999937 0.000010 0.000010 0.000010 0.000010
0.000010 0.000010 0.999940 0.000010 0.000010 0.000010 0.000010
0.000010 0.000010 0.999940 0.000010 0.000010 0.000010 0.000010
0.000014 0.000010 0.999936 0.000010 0.000010 0.000010 0.000010
0.000010 0.000010 0.999940 0.000010 0.000010 0.000010 0.000010
0.000010 0.000010 0.999940 0.000010 0.000010 0.000010 0.000010
0.000010 0.000010 0.999940 0.000010 0.000010 0.000010 0.000010
0.000010 0.000010 0.999940 0.000010 0.000010 0.000010 0.000010
0.000010 0.000010 0.999940 0.000010 0.000010 0.000010 0.000010
0.000010 0.000010 0.999940 0.000010 0.000010 0.000010 0.000010
0.000010 0.000010 0.999940 0.000010 0.000010 0.000010 0.000010
0.000010 0.000010 0.999940 0.000010 0.000010 0.000010 0.000010
0.000010 0.000010 0.999940 0.000010 0.000010 0.000010 0.000010
0.000010 0.000010 0.999940 0.000010 0.000010 0.000010 0.000010
0.000013 0.000010 0.999937 0.000010 0.000010 0.000010 0.000010
0.000010 0.000010 0.999940 0.000010 0.000010 0.000010 0.000010
0.000010 0.000010 0.999940 0.000010 0.000010 0.000010 0.000010
0.000010 0.000010 0.999940 0.000010 0.000010 0.000010 0.000010
0.000010 0.999940 0.000010 0.000010 0.000010 0.000010 0.000010
0.003756 0.671224 0.020962 0.036036 0.132575 0.135437 0.000010
0.000010 0.753617 0.039789 0.029361 0.131219 0.041748 0.004256
0.024341 0.915966 0.026047 0.000010 0.033616 0.000010 0.000010
0.000010 0.999940 0.000010 0.000010 0.000010 0.000010 0.000010
0.000010 0.975072 0.000010 0.000010 0.003936 0.000010 0.020952
0.000010 0.640601 0.052748 0.041592 0.133364 0.131676 0.000010
0.000010 0.999940 0.000010 0.000010 0.000010 0.000010 0.000010
0.000010 0.999940 0.000010 0.000010 0.000010 0.000010 0.000010
0.000010 0.998571 0.001379 0.000010 0.000010 0.000010 0.000010
0.000010 0.839788 0.006614 0.045164 0.001966 0.106447 0.000010
0.000010 0.867975 0.036179 0.073768 0.000010 0.000010 0.022049
0.193007 0.000010 0.017850 0.000010 0.000010 0.000010 0.789103
0.241683 0.000010 0.020048 0.000010 0.000010 0.000010 0.738229
0.197891 0.000010 0.036560 0.000010 0.000010 0.000010 0.765509
0.185405 0.000010 0.034502 0.000010 0.000010 0.000010 0.780053
0.181945 0.000010 0.058752 0.000010 0.000010 0.000010 0.759263
0.193064 0.000010 0.039039 0.000010 0.000010 0.000010 0.767857
0.193250 0.000010 0.000010 0.000010 0.000010 0.000010 0.806700
0.215865 0.000010 0.037083 0.000010 0.000010 0.000010 0.747012
0.206936 0.000010 0.030687 0.000010 0.000010 0.000010 0.762337
0.234512 0.000010 0.006684 0.000010 0.000010 0.000010 0.758764
0.172326 0.000010 0.000010 0.000010 0.000010 0.000010 0.827624
0.186698 0.000010 0.000010 0.000010 0.000010 0.000010 0.813252
0.210877 0.000010 0.016778 0.000010 0.000010 0.000010 0.772304
0.227363 0.000010 0.011151 0.000010 0.000010 0.000010 0.761447
0.258382 0.000010 0.000010 0.000010 0.000010 0.000010 0.741568
0.158049 0.000010 0.024157 0.000010 0.000010 0.000010 0.817754
0.189613 0.000010 0.013402 0.000010 0.000010 0.000010 0.796946
0.207243 0.000010 0.027135 0.000010 0.000010 0.000010 0.765582
0.190935 0.000010 0.015431 0.000010 0.000010 0.000010 0.793593
0.132734 0.000010 0.000010 0.000010 0.000010 0.000010 0.867216
0.179787 0.000010 0.019219 0.000010 0.000010 0.000010 0.800954
0.197085 0.000010 0.010580 0.000010 0.000010 0.000010 0.792295
0.216660 0.000010 0.016454 0.000010 0.000010 0.000010 0.766846
0.211416 0.000010 0.000010 0.000010 0.000010 0.000010 0.788534
0.191755 0.000010 0.000010 0.000010 0.000010 0.000010 0.808195
0.207596 0.000010 0.000010 0.000010 0.000010 0.000010 0.792354
0.138433 0.000010 0.000010 0.000010 0.000010 0.000010 0.861517
0.264468 0.000010 0.006635 0.000010 0.000010 0.000010 0.728857
0.231958 0.000010 0.032001 0.000010 0.000010 0.000010 0.736001
0.187329 0.000010 0.006962 0.000010 0.000010 0.000010 0.805669
0.194227 0.000010 0.018144 0.000010 0.000010 0.000010 0.787589
0.195880 0.000010 0.016804 0.000010 0.000010 0.000010 0.787277
0.480954 0.000010 0.030391 0.000010 0.000010 0.000010 0.488615
0.424260 0.000010 0.000010 0.000010 0.000010 0.000010 0.575690
0.606212 0.000010 0.016561 0.000010 0.000010 0.000010 0.377187
0.542163 0.000010 0.000010 0.000010 0.000010 0.000010 0.457787
0.401585 0.000010 0.000010 0.000010 0.000010 0.000010 0.598365
0.520225 0.000010 0.030417 0.000010 0.000010 0.000010 0.449319
0.438021 0.000010 0.029807 0.000010 0.000010 0.000010 0.532132
0.566267 0.000010 0.012619 0.000010 0.000010 0.000010 0.421074
0.615734 0.000010 0.000010 0.000010 0.000010 0.000010 0.384216
0.602707 0.000010 0.000010 0.000010 0.000010 0.000010 0.397243
0.509466 0.000010 0.000010 0.000010 0.000010 0.000010 0.490484
0.824396 0.000010 0.000010 0.000010 0.000010 0.000010 0.175554
0.459632 0.000010 0.003759 0.000010 0.000010 0.000010 0.536569
0.558033 0.000010 0.015658 0.000010 0.000010 0.000010 0.426269
0.564142 0.000010 0.036305 0.000010 0.000010 0.000010 0.399514
0.524378 0.000010 0.040737 0.000010 0.000010 0.000010 0.434845
0.504193 0.000010 0.003607 0.000010 0.000010 0.000010 0.492160
0.332081 0.000010 0.012257 0.000010 0.000010 0.000010 0.655622
0.379037 0.000010 0.024890 0.000010 0.000010 0.000010 0.596033
0.450728 0.000010 0.001405 0.000010 0.000010 0.000010 0.547827
0.412801 0.000010 0.023602 0.000010 0.000010 0.000010 0.563558
0.494329 0.000010 0.004309 0.000010 0.000010 0.000010 0.501322
0.727882 0.000010 0.000010 0.000010 0.000010 0.000010 0.272068
0.577702 0.000010 0.024846 0.000010 0.000010 0.000010 0.397413
0.410929 0.000010 0.005989 0.000010 0.000010 0.000010 0.583041
0.401696 0.000010 0.045995 0.000010 0.000010 0.000010 0.552269
0.437358 0.000010 0.004026 0.000010 0.000010 0.000010 0.558576
0.726311 0.000010 0.000010 0.000010 0.000010 0.000010 0.273639
0.495264 0.000010 0.000950 0.000010 0.000010 0.000010 0.503747
0.764776 0.000010 0.000010 0.000010 0.000010 0.000010 0.235174
