0.000010 0.000010 0.000010 0.000010 0.000010 0.000010 0.000010 0.000010 0.000010 0.109502 0.000010 0.870929 0.019469
0.000010 0.000010 0.000010 0.000010 0.000010 0.000010 0.000010 0.000010 0.000010 0.000010 0.000010 0.999880 0.000010
0.000010 0.000010 0.000010 0.000010 0.000010 0.000010 0.000010 0.000010 0.000010 0.000010 0.000010 0.999880 0.000010
0.000010 0.000010 0.000010 0.000010 0.000010 0.000010 0.000010 0.000010 0.000010 0.000010 0.000010 0.999880 0.000010
0.000010 0.000010 0.000010 0.000010 0.000010 0.000010 0.000010 0.000010 0.000010 0.000010 0.000010 0.999880 0.000010
0.000010 0.000010 0.000010 0.000010 0.000010 0.000010 0.000010 0.000010 0.000010 0.000010 0.000010 0.999880 0.000010
0.000010 0.000010 0.000010 0.000010 0.000010 0.000010 0.000010 0.000010 0.000010 0.000010 0.000010 0.999880 0.000010
0.000010 0.000010 0.000010 0.000010 0.000010 0.000010 0.000010 0.000010 0.000010 0.000010 0.000010 0.999880 0.000010
0.000010 0.000010 0.000010 0.000010 0.006275 0.003815 0.000010 0.000010 0.000010 0.000010 0.000010 0.968849 0.020971
0.000010 0.000010 0.000010 0.000010 0.000010 0.000010 0.000010 0.040668 0.000010 0.000010 0.000010 0.959222 0.000010
0.000010 0.000010 0.000010 0.000010 0.000010 0.000010 0.000010 0.000010 0.000010 0.000010 0.000010 0.999880 0.000010
0.000010 0.000010 0.096887 0.000010 0.000010 0.000010 0.000010 0.000010 0.459864 0.087840 0.000010 0.355319 0.000010
0.000010 0.000010 0.195924 0.000010 0.000010 0.000010 0.078416 0.000010 0.345915 0.086279 0.000010 0.293385 0.000010
0.000010 0.027663 0.244438 0.000010 0.000010 0.000010 0.000010 0.000010 0.428533 0.000010 0.000010 0.299277 0.000010
0.000010 0.999880 0.000010 0.000010 0.000010 0.000010 0.000010 0.000010 0.000010 0.000010 0.000010 0.000010 0.000010
0.000010 0.998351 0.000010 0.000010 0.000010 0.000010 0.000010 0.000010 0.000010 0.000010 0.000010 0.001539 0.000010
0.000010 0.884109 0.060772 0.000010 0.000010 0.000010 0.000010 0.000010 0.055019 0.000010 0.000010 0.000010 0.000010
0.000010 0.925361 0.000010 0.000010 0.000010 0.000010 0.031925 0.034937 0.000010 0.000010 0.000010 0.007687 0.000010
0.000010 0.985515 0.000010 0.000010 0.000010 0.000010 0.000010 0.000010 0.000010 0.000010 0.000010 0.000010 0.014375
0.000010 0.999880 0.000010 0.000010 0.000010 0.000010 0.000010 0.000010 0.000010 0.000010 0.000010 0.000010 0.000010
0.000010 0.890346 0.000010 0.000010 0.000010 0.000010 0.000010 0.000010 0.000010 0.109544 0.000010 0.000010 0.000010
0.000010 0.919988 0.000010 0.000010 0.000010 0.000010 0.000010 0.000010 0.000010 0.000010 0.000010 0.079902 0.000010
0.000010 0.999880 0.000010 0.000010 0.000010 0.000010 0.000010 0.000010 0.000010 0.000010 0.000010 0.000010 0.000010
0.000010 0.821117 0.000010 0.000010 0.034882 0.097723 0.018127 0.000010 0.000010 0.028071 0.000010 0.000010 0.000010
0.000010 0.798821 0.000010 0.000010 0.000010 0.000010 0.000010 0.000010 0.000010 0.162363 0.000010 0.038715 0.000010
0.000010 0.981808 0.000010 0.000010 0.000010 0.000010 0.000010 0.018082 0.000010 0.000010 0.000010 0.000010 0.000010
0.000010 0.966982 0.000010 0.000010 0.000010 0.000010 0.000010 0.000010 0.000010 0.000010 0.032908 0.000010 0.000010
0.000010 0.871120 0.039526 0.000010 0.025394 0.000010 0.003100 0.000010 0.000010 0.051405 0.000010 0.000010 0.009385
0.000010 0.950854 0.000010 0.000010 0.000010 0.031375 0.000010 0.000010 0.000010 0.000010 0.000010 0.017670 0.000010
0.000010 0.939765 0.000010 0.060125 0.000010 0.000010 0.000010 0.000010 0.000010 0.000010 0.000010 0.000010 0.000010
0.000010 0.806731 0.000010 0.000010 0.000010 0.000010 0.009431 0.004683 0.000010 0.138056 0.000010 0.041018 0.000010
0.000010 0.374425 0.096522 0.000010 0.011093 0.000010 0.040353 0.042571 0.034855 0.255567 0.000010 0.144564 0.000010
0.000010 0.337585 0.000010 0.000010 0.000010 0.062349 0.146174 0.000010 0.015981 0.366559 0.011249 0.060042 0.000010
0.000010 0.493864 0.000010 0.000010 0.010955 0.000010 0.229293 0.000010 0.045322 0.133939 0.019346 0.067221 0.000010
0.000010 0.607184 0.000010 0.000010 0.000010 0.000010 0.047154 0.000010 0.020152 0.275925 0.000010 0.049505 0.000010
0.000010 0.172295 0.000010 0.042947 0.000010 0.066263 0.051310 0.000010 0.024992 0.582809 0.000010 0.059322 0.000010
0.000010 0.000010 0.000010 0.007691 0.000010 0.000010 0.000010 0.000010 0.000010 0.992199 0.000010 0.000010 0.000010
0.000010 0.092689 0.098350 0.000010 0.000010 0.000010 0.053011 0.000010 0.000639 0.624397 0.000010 0.092618 0.038235
0.000010 0.218997 0.061780 0.000010 0.000010 0.000010 0.069990 0.000010 0.000010 0.611188 0.037965 0.000010 0.000010
0.000010 0.000010 0.000010 0.000010 0.033699 0.000010 0.000010 0.012238 0.000010 0.953963 0.000010 0.000010 0.000010
0.000010 0.000010 0.000010 0.000010 0.000010 0.000010 0.000010 0.000010 0.000010 0.999880 0.000010 0.000010 0.000010
0.000010 0.210968 0.001902 0.000010 0.020416 0.065388 0.039645 0.000010 0.069014 0.584095 0.000010 0.008522 0.000010
0.000010 0.000010 0.000010 0.000010 0.000010 0.062187 0.000010 0.009321 0.000010 0.928392 0.000010 0.000010 0.000010
0.000010 0.105577 0.011889 0.000010 0.000010 0.056039 0.152318 0.005060 0.000010 0.668422 0.000010 0.000635 0.000010
0.000010 0.000010 0.000010 0.000010 0.000010 0.000010 0.000010 0.000010 0.000010 0.875682 0.051022 0.073196 0.000010
0.000010 0.000010 0.000010 0.000010 0.000010 0.002705 0.000010 0.031536 0.000010 0.965659 0.000010 0.000010 0.000010
0.000010 0.000015 0.000010 0.028180 0.000010 0.000010 0.157939 0.000010 0.001283 0.779357 0.000010 0.033156 0.000010
0.000010 0.151537 0.046468 0.000010 0.000010 0.000010 0.076277 0.000010 0.092997 0.623757 0.000010 0.000010 0.008894
0.000010 0.232201 0.018985 0.000010 0.000010 0.000010 0.026495 0.000010 0.039739 0.657322 0.000010 0.000010 0.025189
0.000010 0.080294 0.000010 0.000010 0.000010 0.034002 0.000010 0.000010 0.000010 0.884321 0.000010 0.000010 0.001293
0.000010 0.000010 0.000010 0.000010 0.000010 0.000010 0.074827 0.000010 0.000010 0.838067 0.000010 0.087007 0.000010
0.000010 0.000010 0.000010 0.000010 0.000010 0.000010 0.061589 0.030621 0.043957 0.760115 0.000010 0.103638 0.000010
0.000010 0.000010 0.000010 0.000010 0.000010 0.000010 0.000010 0.000010 0.000010 0.961947 0.000010 0.000010 0.037943
0.000010 0.073733 0.000010 0.000010 0.000010 0.001636 0.091539 0.000010 0.000010 0.795266 0.000010 0.000010 0.037746
0.000010 0.090623 0.097674 0.000010 0.000010 0.000010 0.000010 0.028863 0.780205 0.002555 0.000010 0.000010 0.000010
0.000010 0.000010 0.000010 0.000010 0.000010 0.000010 0.099584 0.000010 0.880763 0.000010 0.019553 0.000010 0.000010
0.000010 0.000010 0.000010 0.000010 0.006620 0.110198 0.000010 0.000010 0.756114 0.115975 0.000010 0.011012 0.000010
0.000010 0.137207 0.000010 0.000010 0.000010 0.102737 0.000010 0.000010 0.759956 0.000010 0.000010 0.000010 0.000010
0.000010 0.000010 0.000010 0.000010 0.000010 0.000010 0.000010 0.000010 0.999880 0.000010 0.000010 0.000010 0.000010
0.000010 0.000010 0.000010 0.000010 0.000010 0.000010 0.000010 0.000010 0.999880 0.000010 0.000010 0.000010 0.000010
0.000010 0.000010 0.000019 0.000010 0.000010 0.000010 0.000010 0.000010 0.999871 0.000010 0.000010 0.000010 0.000010
0.000010 0.000010 0.000010 0.000010 0.001120 0.001692 0.000010 0.000010 0.997088 0.000010 0.000010 0.000010 0.000010
0.000010 0.000010 0.000010 0.000010 0.000010 0.000010 0.000010 0.000010 0.999880 0.000010 0.000010 0.000010 0.000010
0.000010 0.000010 0.000010 0.000010 0.000010 0.000010 0.000010 0.000010 0.999880 0.000010 0.000010 0.000010 0.000010
0.000010 0.029749 0.000010 0.000010 0.000010 0.098095 0.077895 0.000010 0.794171 0.000010 0.000010 0.000010 0.000010
0.000010 0.000010 0.000010 0.000010 0.000010 0.069355 0.000010 0.000010 0.905013 0.000010 0.000010 0.000010 0.025531
0.000010 0.000010 0.000010 0.000010 0.000010 0.073375 0.146690 0.000825 0.757464 0.000010 0.021566 0.000010 0.000010
0.000010 0.000010 0.000010 0.000010 0.000010 0.110569 0.118055 0.024345 0.705376 0.000010 0.011364 0.030220 0.000010
0.000010 0.000010 0.037149 0.000010 0.000010 0.000010 0.000010 0.005974 0.956776 0.000010 0.000010 0.000010 0.000010
0.000010 0.000010 0.000010 0.024971 0.000010 0.000010 0.045083 0.000010 0.929847 0.000010 0.000010 0.000010 0.000010
0.000010 0.000010 0.000010 0.262727 0.000010 0.737163 0.000010 0.000010 0.000010 0.000010 0.000010 0.000010 0.000010
0.000010 0.000010 0.000010 0.000010 0.000010 0.000010 0.000010 0.000010 0.999880 0.000010 0.000010 0.000010 0.000010
0.000010 0.091488 0.061590 0.000010 0.000010 0.000010 0.000010 0.000010 0.811343 0.000010 0.000010 0.035489 0.000010
0.000010 0.000010 0.000010 0.061113 0.000010 0.087045 0.107044 0.000010 0.685055 0.059664 0.000010 0.000010 0.000010
0.968171 0.000010 0.000010 0.000010 0.000010 0.000010 0.000010 0.000010 0.000010 0.000010 0.031719 0.000010 0.000010
0.965887 0.000010 0.000010 0.000010 0.000010 0.000010 0.000010 0.000010 0.000010 0.000010 0.034003 0.000010 0.000010
0.998779 0.000010 0.000010 0.000010 0.001111 0.000010 0.000010 0.000010 0.000010 0.000010 0.000010 0.000010 0.000010
0.999880 0.000010 0.000010 0.000010 0.000010 0.000010 0.000010 0.000010 0.000010 0.000010 0.000010 0.000010 0.000010
0.999880 0.000010 0.000010 0.000010 0.000010 0.000010 0.000010 0.000010 0.000010 0.000010 0.000010 0.000010 0.000010
0.999880 0.000010 0.000010 0.000010 0.000010 0.000010 0.000010 0.000010 0.000010 0.000010 0.000010 0.000010 0.000010
0.999880 0.000010 0.000010 0.000010 0.000010 0.000010 0.000010 0.000010 0.000010 0.000010 0.000010 0.000010 0.000010
0.999880 0.000010 0.000010 0.000010 0.000010 0.000010 0.000010 0.000010 0.000010 0.000010 0.000010 0.000010 0.000010
0.964808 0.000010 0.000010 0.000010 0.000010 0.000010 0.000010 0.000010 0.000010 0.000010 0.035082 0.000010 0.000010
0.917164 0.000010 0.000010 0.000010 0.082726 0.000010 0.000010 0.000010 0.000010 0.000010 0.000010 0.000010 0.000010
0.999880 0.000010 0.000010 0.000010 0.000010 0.000010 0.000010 0.000010 0.000010 0.000010 0.000010 0.000010 0.000010
0.999520 0.000010 0.000010 0.000010 0.000370 0.000010 0.000010 0.000010 0.000010 0.000010 0.000010 0.000010 0.000010
0.977848 0.000010 0.000010 0.002324 0.000010 0.000010 0.000010 0.000010 0.000010 0.000010 0.019728 0.000010 0.000010
0.999880 0.000010 0.000010 0.000010 0.000010 0.000010 0.000010 0.000010 0.000010 0.000010 0.000010 0.000010 0.000010
0.961137 0.000010 0.000010 0.000010 0.038753 0.000010 0.000010 0.000010 0.000010 0.000010 0.000010 0.000010 0.000010
0.999880 0.000010 0.000010 0.000010 0.000010 0.000010 0.000010 0.000010 0.000010 0.000010 0.000010 0.000010 0.000010
0.999880 0.000010 0.000010 0.000010 0.000010 0.000010 0.000010 0.000010 0.000010 0.000010 0.000010 0.000010 0.000010
0.999880 0.000010 0.000010 0.000010 0.000010 0.000010 0.000010 0.000010 0.000010 0.000010 0.000010 0.000010 0.000010
0.864223 0.000010 0.000010 0.000010 0.135667 0.000010 0.000010 0.000010 0.000010 0.000010 0.000010 0.000010 0.000010
0.999880 0.000010 0.000010 0.000010 0.000010 0.000010 0.000010 0.000010 0.000010 0.000010 0.000010 0.000010 0.000010
0.999876 0.000010 0.000010 0.000010 0.000010 0.000010 0.000010 0.000014 0.000010 0.000010 0.000010 0.000010 0.000010
0.999880 0.000010 0.000010 0.000010 0.000010 0.000010 0.000010 0.000010 0.000010 0.000010 0.000010 0.000010 0.000010
0.999880 0.000010 0.000010 0.000010 0.000010 0.000010 0.000010 0.000010 0.000010 0.000010 0.000010 0.000010 0.000010
0.963314 0.000010 0.000010 0.000010 0.036576 0.000010 0.000010 0.000010 0.000010 0.000010 0.000010 0.000010 0.000010
0.914237 0.000010 0.000010 0.085653 0.000010 0.000010 0.000010 0.000010 0.000010 0.000010 0.000010 0.000010 0.000010
0.875710 0.000010 0.000010 0.124180 0.000010 0.000010 0.000010 0.000010 0.000010 0.000010 0.000010 0.000010 0.000010
0.999880 0.000010 0.000010 0.000010 0.000010 0.000010 0.000010 0.000010 0.000010 0.000010 0.000010 0.000010 0.000010
0.904519 0.000010 0.000010 0.095371 0.000010 0.000010 0.000010 0.000010 0.000010 0.000010 0.000010 0.000010 0.000010
0.979536 0.000010 0.000010 0.000010 0.000010 0.000010 0.000010 0.000010 0.000010 0.000010 0.000010 0.000010 0.020354
0.000010 0.000010 0.698951 0.000010 0.000010 0.234284 0.000010 0.000010 0.030645 0.020422 0.000010 0.000010 0.015618
0.000010 0.000010 0.380744 0.000010 0.000010 0.563382 0.000010 0.000010 0.000010 0.000010 0.016323 0.039461 0.000010
0.000010 0.000010 0.561784 0.000010 0.000010 0.436205 0.000010 0.001911 0.000010 0.000010 0.000010 0.000010 0.000010
0.000010 0.000010 0.000010 0.000010 0.000010 0.999880 0.000010 0.000010 0.000010 0.000010 0.000010 0.000010 0.000010
0.000010 0.000010 0.000010 0.000010 0.000010 0.999880 0.000010 0.000010 0.000010 0.000010 0.000010 0.000010 0.000010
0.000010 0.000010 0.000010 0.000010 0.000010 0.999880 0.000010 0.000010 0.000010 0.000010 0.000010 0.000010 0.000010
0.000010 0.000010 0.000010 0.000010 0.000010 0.999880 0.000010 0.000010 0.000010 0.000010 0.000010 0.000010 0.000010
0.000010 0.000010 0.297544 0.000010 0.037316 0.665040 0.000010 0.000010 0.000010 0.000010 0.000010 0.000010 0.000010
0.000010 0.000010 0.344845 0.000010 0.000010 0.561888 0.062565 0.000010 0.030612 0.000010 0.000010 0.000010 0.000010
0.000010 0.000010 0.604853 0.000010 0.000010 0.179603 0.000010 0.000010 0.119341 0.058860 0.007580 0.010156 0.019546
0.000010 0.000010 0.619610 0.000010 0.000010 0.071372 0.024284 0.000010 0.024839 0.215409 0.044416 0.000010 0.000010
0.000010 0.000010 0.000010 0.000010 0.000010 0.999880 0.000010 0.000010 0.000010 0.000010 0.000010 0.000010 0.000010
0.000010 0.090011 0.745553 0.000210 0.000010 0.070349 0.036889 0.024094 0.003995 0.000010 0.000010 0.028850 0.000010
0.012504 0.027863 0.782972 0.000010 0.001355 0.000010 0.039836 0.000010 0.009561 0.116800 0.000010 0.009060 0.000010
0.000010 0.000010 0.826779 0.031830 0.000010 0.000010 0.024267 0.000010 0.088317 0.000010 0.000010 0.028726 0.000010
0.000010 0.000010 0.806900 0.000010 0.000010 0.132670 0.000010 0.000010 0.000010 0.008910 0.000010 0.051429 0.000010
0.000010 0.070145 0.823347 0.000010 0.000010 0.000010 0.000010 0.000010 0.067845 0.000010 0.000010 0.000010 0.038573
0.000010 0.000010 0.805228 0.031681 0.000010 0.080318 0.000010 0.000010 0.005205 0.068498 0.000010 0.009000 0.000010
0.000010 0.000010 0.777778 0.000010 0.000010 0.141449 0.000010 0.000010 0.000010 0.000017 0.049169 0.031507 0.000010
0.000010 0.000010 0.609572 0.000010 0.000010 0.371787 0.017338 0.000010 0.001214 0.000010 0.000010 0.000010 0.000010
0.013399 0.000010 0.712314 0.000010 0.000010 0.062423 0.035990 0.000010 0.062822 0.082926 0.010013 0.020063 0.000010
0.000010 0.000010 0.955381 0.044509 0.000010 0.000010 0.000010 0.000010 0.000010 0.000010 0.000010 0.000010 0.000010
0.000010 0.000010 0.748098 0.031089 0.000010 0.132406 0.052678 0.000010 0.000010 0.000010 0.000010 0.035648 0.000010
0.000010 0.000010 0.661781 0.000010 0.000010 0.287367 0.000010 0.000010 0.000010 0.050751 0.000010 0.000010 0.000010
0.000010 0.000010 0.493942 0.039341 0.000010 0.386459 0.054178 0.000010 0.000010 0.026001 0.000010 0.000010 0.000010
0.000010 0.000010 0.534863 0.000010 0.000010 0.216719 0.135454 0.000010 0.031927 0.003228 0.012231 0.065518 0.000010
0.000010 0.000010 0.696382 0.000010 0.000010 0.104505 0.000010 0.042543 0.078137 0.046063 0.000010 0.032299 0.000010
0.000010 0.000010 0.682086 0.000010 0.000010 0.168379 0.000010 0.000010 0.000010 0.077644 0.050561 0.000010 0.021249
0.000010 0.000010 0.816073 0.000010 0.003226 0.022312 0.000010 0.005414 0.110689 0.042215 0.000010 0.000010 0.000010
0.000010 0.000010 0.706993 0.000010 0.000010 0.171997 0.000010 0.000010 0.000010 0.120910 0.000010 0.000010 0.000010
0.000010 0.000010 0.546386 0.000010 0.000010 0.247730 0.093141 0.000010 0.095850 0.000010 0.016813 0.000010 0.000010
0.000010 0.000010 0.684341 0.000010 0.000010 0.044759 0.049105 0.000010 0.126380 0.000010 0.026269 0.069076 0.000010
0.000010 0.003087 0.872580 0.000010 0.000010 0.043614 0.000010 0.000010 0.029446 0.000010 0.018624 0.031791 0.000798
0.000010 0.069557 0.802142 0.006391 0.024102 0.000010 0.014313 0.000010 0.000010 0.000010 0.006338 0.077097 0.000010
0.000010 0.000010 0.744294 0.000010 0.000010 0.054888 0.099760 0.004071 0.042846 0.000010 0.029764 0.024317 0.000010
0.000010 0.000010 0.662146 0.009484 0.000010 0.119315 0.042477 0.017438 0.066490 0.016159 0.000010 0.066441 0.000010
0.000010 0.051731 0.610239 0.000010 0.000010 0.200768 0.026503 0.023119 0.027491 0.000010 0.000010 0.060089 0.000010
0.000010 0.000010 0.696120 0.031104 0.000010 0.063007 0.044098 0.016469 0.065054 0.015341 0.000010 0.068757 0.000010
0.000010 0.030534 0.753853 0.019817 0.000010 0.027936 0.000010 0.000010 0.064942 0.000010 0.000010 0.085689 0.017168
0.000010 0.141735 0.848226 0.000010 0.000010 0.000010 0.000010 0.000010 0.000010 0.000010 0.000010 0.009939 0.000010
0.006159 0.069415 0.040104 0.041830 0.330815 0.041824 0.008528 0.000581 0.243023 0.022637 0.118418 0.034989 0.041678
0.000010 0.000010 0.765430 0.000010 0.016916 0.000010 0.052269 0.000010 0.000010 0.050167 0.000010 0.105236 0.009912
0.000010 0.000010 0.633913 0.033042 0.000010 0.123311 0.000010 0.000010 0.099767 0.048784 0.025660 0.035462 0.000010
0.000010 0.123237 0.840818 0.000010 0.000010 0.000054 0.000010 0.000010 0.000010 0.000010 0.035800 0.000010 0.000010
0.000010 0.000010 0.000010 0.000010 0.000010 0.000010 0.000010 0.000010 0.000010 0.000010 0.999880 0.000010 0.000010
0.000010 0.000010 0.000010 0.000010 0.000010 0.000010 0.000010 0.000010 0.000010 0.000010 0.999880 0.000010 0.000010
0.000010 0.000010 0.000010 0.000010 0.000010 0.000010 0.000010 0.000010 0.000010 0.000010 0.999880 0.000010 0.000010
0.000015 0.000010 0.000010 0.000013 0.000010 0.000010 0.000010 0.000016 0.000010 0.000010 0.999866 0.000010 0.000010
0.000010 0.000010 0.000010 0.000010 0.000010 0.000010 0.000010 0.000010 0.000010 0.000010 0.999880 0.000010 0.000010
0.000010 0.000010 0.000010 0.000010 0.000010 0.000010 0.000010 0.000010 0.000010 0.000010 0.999880 0.000010 0.000010
0.000010 0.000010 0.000010 0.000010 0.000010 0.000010 0.000010 0.000010 0.000010 0.000010 0.999880 0.000010 0.000010
0.000010 0.000010 0.000010 0.000010 0.000010 0.000010 0.000010 0.000010 0.000010 0.000010 0.999880 0.000010 0.000010
0.000010 0.060077 0.000010 0.200233 0.000010 0.000010 0.000010 0.000010 0.000010 0.000010 0.739589 0.000010 0.000010
0.000010 0.000010 0.000010 0.000010 0.000010 0.000010 0.000010 0.307732 0.000010 0.000010 0.000010 0.000010 0.692158
0.000010 0.000010 0.000010 0.000010 0.000010 0.000010 0.000010 0.542965 0.000010 0.000010 0.000010 0.000010 0.456925
0.000010 0.000010 0.000010 0.000010 0.000010 0.000010 0.000010 0.250766 0.000010 0.000010 0.000010 0.000010 0.749124
0.000010 0.000010 0.000010 0.000010 0.000010 0.000010 0.000010 0.999880 0.000010 0.000010 0.000010 0.000010 0.000010
0.000010 0.000010 0.000010 0.000010 0.000010 0.000010 0.000010 0.999880 0.000010 0.000010 0.000010 0.000010 0.000010
0.000010 0.000010 0.000010 0.000010 0.000010 0.000010 0.000010 0.359468 0.000010 0.000010 0.000010 0.000010 0.640422
0.000010 0.000010 0.000010 0.000014 0.000010 0.000014 0.000010 0.624563 0.000010 0.000010 0.000010 0.000010 0.375319
0.000010 0.000010 0.000010 0.000010 0.000010 0.000010 0.000010 0.000010 0.000010 0.000010 0.000010 0.000010 0.999880
0.000010 0.000010 0.000010 0.000010 0.000010 0.000010 0.000010 0.296235 0.000010 0.000010 0.000010 0.000010 0.703655
0.000010 0.000010 0.000010 0.000010 0.000010 0.000010 0.000010 0.000010 0.000010 0.000010 0.000010 0.000010 0.999880
0.000010 0.000010 0.000010 0.000010 0.000010 0.000010 0.000010 0.000010 0.000010 0.000010 0.000010 0.000010 0.999880
0.000010 0.000010 0.000010 0.000010 0.000010 0.000010 0.000010 0.000010 0.000010 0.000010 0.000010 0.000010 0.999880
0.000010 0.000010 0.000010 0.000010 0.000010 0.000010 0.000010 0.000010 0.000010 0.000010 0.000010 0.000010 0.999880
0.000010 0.000010 0.000010 0.000017 0.000010 0.000010 0.000013 0.394785 0.000010 0.000010 0.000010 0.000010 0.605095
0.000010 0.000010 0.000010 0.000010 0.000010 0.000010 0.000010 0.000010 0.000010 0.000010 0.000010 0.000010 0.999880
0.000010 0.000010 0.000010 0.000010 0.000010 0.000010 0.000010 0.582871 0.000010 0.000010 0.000010 0.000010 0.417019
0.000010 0.000010 0.000010 0.000010 0.000010 0.000010 0.000010 0.999880 0.000010 0.000010 0.000010 0.000010 0.000010
0.000010 0.000010 0.000010 0.000010 0.000010 0.000010 0.000010 0.000010 0.000010 0.000010 0.000010 0.000010 0.999880
0.000010 0.000010 0.000010 0.000010 0.000010 0.000010 0.000010 0.999880 0.000010 0.000010 0.000010 0.000010 0.000010
0.000010 0.000010 0.000010 0.000010 0.000010 0.000010 0.000010 0.000010 0.000010 0.000010 0.000010 0.000010 0.999880
0.000010 0.000010 0.000010 0.000010 0.000010 0.000010 0.000010 0.999880 0.000010 0.000010 0.000010 0.000010 0.000010
0.000010 0.000010 0.000010 0.000010 0.000010 0.000010 0.000010 0.549709 0.000010 0.000010 0.000010 0.000010 0.450181
0.000010 0.000010 0.000010 0.000010 0.000010 0.000010 0.000010 0.999880 0.000010 0.000010 0.000010 0.000010 0.000010
0.000010 0.000010 0.000010 0.000010 0.000010 0.000010 0.000010 0.999880 0.000010 0.000010 0.000010 0.000010 0.000010
0.000010 0.000010 0.000010 0.000010 0.000010 0.000010 0.000010 0.214175 0.000010 0.000010 0.000010 0.000010 0.785715
0.000010 0.000010 0.000010 0.000010 0.000010 0.000010 0.999880 0.000010 0.000010 0.000010 0.000010 0.000010 0.000010
0.000010 0.066450 0.000010 0.015642 0.000010 0.165324 0.568150 0.013279 0.098525 0.072570 0.000010 0.000010 0.000010
0.000010 0.000010 0.000010 0.000010 0.000010 0.124440 0.683561 0.027160 0.042794 0.102315 0.019661 0.000010 0.000010
0.000010 0.000010 0.000010 0.000010 0.000010 0.061292 0.897430 0.000010 0.000010 0.000010 0.000010 0.000010 0.041178
0.000010 0.000010 0.000010 0.000010 0.000010 0.000010 0.999880 0.000010 0.000010 0.000010 0.000010 0.000010 0.000010
0.000010 0.000010 0.000010 0.020603 0.000010 0.000010 0.979287 0.000010 0.000010 0.000010 0.000010 0.000010 0.000010
0.000010 0.106443 0.000010 0.000010 0.000010 0.165434 0.512833 0.000010 0.053096 0.071622 0.000010 0.040743 0.049769
0.000010 0.000010 0.000010 0.000010 0.000010 0.000010 0.999880 0.000010 0.000010 0.000010 0.000010 0.000010 0.000010
0.000010 0.000010 0.000010 0.000010 0.000010 0.000010 0.999880 0.000010 0.000010 0.000010 0.000010 0.000010 0.000010
0.000010 0.000010 0.000010 0.000010 0.000010 0.000010 0.999880 0.000010 0.000010 0.000010 0.000010 0.000010 0.000010
0.000010 0.171737 0.000010 0.000010 0.000010 0.000010 0.592146 0.006059 0.000010 0.229968 0.000010 0.000010 0.000010
0.000010 0.052092 0.000010 0.036969 0.000010 0.000010 0.787903 0.026003 0.000010 0.000010 0.000010 0.096953 0.000010
0.000010 0.000010 0.000010 0.082569 0.812922 0.000010 0.000010 0.017416 0.000010 0.000010 0.087002 0.000010 0.000010
0.062207 0.000010 0.000010 0.000010 0.935249 0.000010 0.000010 0.002443 0.000010 0.000010 0.000010 0.000010 0.000010
0.016949 0.000010 0.000010 0.000010 0.982941 0.000010 0.000010 0.000010 0.000010 0.000010 0.000010 0.000010 0.000010
0.006707 0.000010 0.000010 0.000010 0.702463 0.000010 0.000010 0.000010 0.000010 0.000010 0.252840 0.000010 0.037900
0.008104 0.000010 0.000010 0.000010 0.950286 0.000010 0.000010 0.000010 0.000010 0.000010 0.000010 0.000010 0.041510
0.018732 0.000010 0.000010 0.000010 0.766818 0.000010 0.000010 0.032461 0.000010 0.000010 0.181899 0.000010 0.000010
0.000010 0.000010 0.000010 0.216026 0.783864 0.000010 0.000010 0.000010 0.000010 0.000010 0.000010 0.000010 0.000010
0.047619 0.000010 0.000010 0.000010 0.922245 0.000010 0.000010 0.030036 0.000010 0.000010 0.000010 0.000010 0.000010
0.000010 0.000010 0.000010 0.263021 0.728471 0.000010 0.000010 0.008408 0.000010 0.000010 0.000010 0.000010 0.000010
0.000010 0.000010 0.000010 0.381722 0.374774 0.000010 0.000010 0.000010 0.000010 0.000010 0.243404 0.000010 0.000010
0.000010 0.000010 0.000010 0.114070 0.840517 0.000010 0.000010 0.000010 0.000010 0.000010 0.045313 0.000010 0.000010
0.000010 0.000010 0.000010 0.206786 0.793104 0.000010 0.000010 0.000010 0.000010 0.000010 0.000010 0.000010 0.000010
0.000010 0.000010 0.000010 0.176388 0.823502 0.000010 0.000010 0.000010 0.000010 0.000010 0.000010 0.000010 0.000010
0.044533 0.000010 0.000010 0.000010 0.875938 0.000010 0.000010 0.000010 0.000010 0.000010 0.079429 0.000010 0.000010
0.024302 0.000010 0.000010 0.000010 0.975588 0.000010 0.000010 0.000010 0.000010 0.000010 0.000010 0.000010 0.000010
0.000010 0.000010 0.000010 0.371308 0.628582 0.000010 0.000010 0.000010 0.000010 0.000010 0.000010 0.000010 0.000010
0.007230 0.000010 0.000010 0.083041 0.702319 0.000010 0.000010 0.004517 0.000010 0.000010 0.202813 0.000010 0.000010
0.000010 0.000010 0.000010 0.261546 0.602387 0.000010 0.000010 0.000010 0.000010 0.000010 0.121318 0.000010 0.014659
0.015994 0.000010 0.000010 0.000010 0.850293 0.000010 0.000010 0.000010 0.000010 0.000010 0.133613 0.000010 0.000010
0.000010 0.000010 0.000010 0.311576 0.659351 0.000014 0.000010 0.000010 0.000010 0.000010 0.028969 0.000010 0.000010
0.000010 0.000010 0.000010 0.000010 0.999880 0.000010 0.000010 0.000010 0.000010 0.000010 0.000010 0.000010 0.000010
0.010060 0.000010 0.000010 0.000010 0.577094 0.000010 0.000010 0.011227 0.000010 0.000010 0.401529 0.000010 0.000010
0.026960 0.000010 0.000010 0.000010 0.872961 0.000010 0.000010 0.000010 0.000010 0.000010 0.089956 0.000010 0.010033
0.011749 0.000010 0.000010 0.000010 0.789592 0.000010 0.000010 0.000010 0.000010 0.000010 0.198558 0.000010 0.000010
0.000010 0.000010 0.000010 0.124988 0.664267 0.000010 0.000010 0.000010 0.000010 0.000010 0.210645 0.000010 0.000010
0.000010 0.000010 0.000010 0.128831 0.702176 0.000010 0.000010 0.000010 0.000010 0.000010 0.168893 0.000010 0.000010
0.000010 0.000010 0.000010 0.000010 0.921280 0.000010 0.000010 0.000010 0.000010 0.000010 0.078610 0.000010 0.000010
0.076347 0.000010 0.000010 0.069081 0.650590 0.000010 0.000010 0.000010 0.000010 0.000010 0.203893 0.000010 0.000010
0.087722 0.000010 0.000010 0.000010 0.814282 0.000010 0.000010 0.000010 0.000010 0.000010 0.074358 0.000010 0.023548
0.000010 0.000010 0.000010 0.102730 0.755684 0.000010 0.000010 0.000010 0.000010 0.000010 0.141486 0.000010 0.000010
0.000010 0.000010 0.000010 0.000010 0.527864 0.000010 0.000010 0.000010 0.000010 0.000010 0.472026 0.000010 0.000010
0.000010 0.000010 0.000010 0.000010 0.999880 0.000010 0.000010 0.000010 0.000010 0.000010 0.000010 0.000010 0.000010
0.000010 0.000010 0.000010 0.999880 0.000010 0.000010 0.000010 0.000010 0.000010 0.000010 0.000010 0.000010 0.000010
0.000010 0.000010 0.000010 0.999880 0.000010 0.000010 0.000010 0.000010 0.000010 0.000010 0.000010 0.000010 0.000010
0.337553 0.000010 0.000010 0.472084 0.190264 0.000010 0.000010 0.000010 0.000010 0.000010 0.000010 0.000010 0.000010
0.233066 0.000010 0.000010 0.645836 0.000010 0.000010 0.000010 0.000010 0.000010 0.000010 0.120998 0.000010 0.000010
0.000010 0.000010 0.000010 0.799360 0.000010 0.000010 0.000010 0.000010 0.000010 0.000010 0.200530 0.000010 0.000010
0.255048 0.000010 0.000010 0.451672 0.191026 0.000010 0.000010 0.028164 0.000010 0.000010 0.074010 0.000010 0.000010
0.237479 0.000010 0.000010 0.235758 0.499593 0.000010 0.000010 0.000010 0.000010 0.000010 0.000010 0.000010 0.027080
0.277902 0.000010 0.000010 0.424523 0.297475 0.000010 0.000010 0.000010 0.000010 0.000010 0.000010 0.000010 0.000010
0.000010 0.000010 0.000010 0.999880 0.000010 0.000010 0.000010 0.000010 0.000010 0.000010 0.000010 0.000010 0.000010
0.000010 0.000010 0.000010 0.999880 0.000010 0.000010 0.000010 0.000010 0.000010 0.000010 0.000010 0.000010 0.000010
0.000010 0.000010 0.000010 0.999880 0.000010 0.000010 0.000010 0.000010 0.000010 0.000010 0.000010 0.000010 0.000010
0.673285 0.000010 0.000010 0.231478 0.095137 0.000010 0.000010 0.000010 0.000010 0.000010 0.000010 0.000010 0.000010
0.000010 0.000010 0.000010 0.999880 0.000010 0.000010 0.000010 0.000010 0.000010 0.000010 0.000010 0.000010 0.000010
0.019787 0.000010 0.000010 0.980103 0.000010 0.000010 0.000010 0.000010 0.000010 0.000010 0.000010 0.000010 0.000010
0.230935 0.000010 0.000010 0.609955 0.128163 0.000010 0.000010 0.030857 0.000010 0.000010 0.000010 0.000010 0.000010
0.328019 0.000010 0.000010 0.209530 0.430216 0.000010 0.000010 0.000010 0.000010 0.000010 0.000010 0.000010 0.032145
0.114253 0.000010 0.000010 0.738452 0.000010 0.000010 0.000010 0.000010 0.000010 0.000010 0.147195 0.000010 0.000010
0.000010 0.000010 0.000010 0.607104 0.381419 0.000010 0.000010 0.000010 0.000010 0.000010 0.000010 0.000010 0.011377
0.000010 0.000010 0.000010 0.798383 0.000010 0.000010 0.000010 0.000010 0.000010 0.000010 0.201507 0.000010 0.000010
0.171206 0.000010 0.000010 0.487302 0.304100 0.000010 0.000010 0.000010 0.000010 0.000010 0.037302 0.000010 0.000010
0.202961 0.000010 0.000010 0.239089 0.506952 0.000010 0.000010 0.000010 0.000010 0.000010 0.029453 0.000010 0.021464
0.183320 0.000010 0.000010 0.542659 0.273921 0.000010 0.000010 0.000010 0.000010 0.000010 0.000010 0.000010 0.000010
0.569873 0.000010 0.000010 0.287884 0.000010 0.000010 0.000010 0.000010 0.000010 0.000010 0.142143 0.000010 0.000010
0.350702 0.000010 0.000010 0.281005 0.349085 0.000010 0.000010 0.019118 0.000010 0.000010 0.000010 0.000010 0.000010
0.000010 0.000010 0.000010 0.687208 0.000010 0.000010 0.000010 0.000010 0.000010 0.000010 0.312682 0.000010 0.000010
0.106599 0.000010 0.000010 0.494697 0.234906 0.000010 0.000010 0.041147 0.000010 0.000010 0.122571 0.000010 0.000010
0.199304 0.000010 0.000010 0.384382 0.348521 0.000010 0.000010 0.006137 0.000010 0.000010 0.061569 0.000017 0.000010
0.571156 0.000010 0.000010 0.191043 0.182901 0.000010 0.000010 0.000013 0.000010 0.000010 0.054807 0.000010 0.000010
0.120108 0.000010 0.000010 0.696415 0.000010 0.000010 0.000010 0.000010 0.000010 0.000010 0.183377 0.000010 0.000010
0.555446 0.000010 0.000010 0.386151 0.000010 0.000010 0.000010 0.000010 0.000010 0.000010 0.058303 0.000010 0.000010
