0.002379 0.000010 0.072132 0.000010 0.925429 0.000010 0.000010 0.000010 0.000010
0.000010 0.000010 0.000010 0.000010 0.999920 0.000010 0.000010 0.000010 0.000010
0.000010 0.000010 0.000010 0.000010 0.999920 0.000010 0.000010 0.000010 0.000010
0.000010 0.000010 0.000010 0.000010 0.999920 0.000010 0.000010 0.000010 0.000010
0.000010 0.000010 0.000010 0.000010 0.999920 0.000010 0.000010 0.000010 0.000010
0.000010 0.000010 0.000010 0.000010 0.999920 0.000010 0.000010 0.000010 0.000010
0.000010 0.000010 0.000010 0.000010 0.999920 0.000010 0.000010 0.000010 0.000010
0.000010 0.000010 0.000010 0.000010 0.999920 0.000010 0.000010 0.000010 0.000010
0.014318 0.000010 0.000010 0.000010 0.973703 0.000010 0.000010 0.000010 0.011920
0.000010 0.000010 0.000010 0.000010 0.999920 0.000010 0.000010 0.000010 0.000010
0.000010 0.000010 0.000010 0.000010 0.999920 0.000010 0.000010 0.000010 0.000010
0.000010 0.000010 0.000010 0.071310 0.347010 0.011809 0.082160 0.487671 0.000010
0.000010 0.000010 0.006789 0.173534 0.284935 0.002467 0.178250 0.353995 0.000010
0.000016 0.000010 0.000010 0.189484 0.287312 0.020585 0.093284 0.409288 0.000010
0.000010 0.000010 0.000010 0.000010 0.028066 0.883361 0.000010 0.000010 0.088513
0.019433 0.000010 0.000010 0.000010 0.095538 0.854454 0.000010 0.000010 0.030524
0.000010 0.000010 0.000010 0.049585 0.011372 0.795382 0.000010 0.068038 0.075583
0.044795 0.000010 0.000010 0.000010 0.076967 0.775915 0.024108 0.022516 0.055669
0.035653 0.000010 0.000010 0.000011 0.000010 0.905576 0.000010 0.000010 0.058711
0.000010 0.000010 0.000018 0.000010 0.053270 0.839869 0.036407 0.000010 0.070396
0.000010 0.000010 0.000010 0.000010 0.036372 0.864776 0.000010 0.005637 0.093165
0.000010 0.000010 0.000010 0.000010 0.107124 0.822248 0.000010 0.000010 0.070568
0.000157 0.000010 0.000010 0.000010 0.055587 0.858221 0.000010 0.000010 0.085985
0.000010 0.000010 0.000010 0.090728 0.030805 0.757155 0.006489 0.000010 0.114783
0.000010 0.000010 0.021985 0.000010 0.087619 0.797673 0.000010 0.034314 0.058369
0.016577 0.000010 0.000010 0.000010 0.030442 0.838869 0.000010 0.000010 0.114062
0.002335 0.000010 0.000010 0.000010 0.000010 0.872797 0.000010 0.025049 0.099769
0.006331 0.000010 0.000010 0.000181 0.009912 0.856308 0.005503 0.000010 0.121735
0.000010 0.000010 0.000010 0.000010 0.058939 0.824309 0.000010 0.036797 0.079906
0.000010 0.000010 0.000010 0.000010 0.000013 0.849101 0.000010 0.005292 0.145544
0.000010 0.000010 0.000010 0.000010 0.081809 0.831111 0.000010 0.000010 0.087020
0.047153 0.000010 0.077185 0.098225 0.159979 0.484789 0.077090 0.046497 0.009073
0.000010 0.000010 0.142064 0.058134 0.103213 0.496381 0.161728 0.038450 0.000010
0.000010 0.000010 0.019118 0.007307 0.098228 0.527399 0.206737 0.067098 0.074092
0.000010 0.000010 0.000010 0.000010 0.082633 0.701828 0.086732 0.069087 0.059680
0.000010 0.000010 0.211793 0.032985 0.058743 0.612021 0.046307 0.038122 0.000010
0.000010 0.000010 0.344834 0.000010 0.013231 0.641875 0.000010 0.000010 0.000010
0.008202 0.000010 0.198434 0.095786 0.083595 0.512304 0.101649 0.000010 0.000010
0.000010 0.000010 0.203411 0.070260 0.000010 0.616626 0.109653 0.000010 0.000010
0.000010 0.000010 0.337145 0.001217 0.000010 0.661578 0.000010 0.000010 0.000010
0.000010 0.000010 0.261469 0.000010 0.000010 0.738461 0.000010 0.000010 0.000010
0.000010 0.000010 0.209013 0.076266 0.000010 0.597198 0.046079 0.071403 0.000010
0.000010 0.000010 0.252808 0.000010 0.000010 0.734443 0.012689 0.000010 0.000010
0.000010 0.000010 0.210130 0.060954 0.000010 0.596010 0.132856 0.000010 0.000010
0.000010 0.000010 0.268570 0.024394 0.063223 0.613625 0.030148 0.000010 0.000010
0.000010 0.000010 0.263977 0.011617 0.000010 0.724346 0.000010 0.000010 0.000010
0.000010 0.000010 0.232237 0.000010 0.000010 0.612203 0.155500 0.000010 0.000010
0.000014 0.000010 0.183169 0.030724 0.000013 0.585119 0.114696 0.086244 0.000010
0.002356 0.000010 0.223905 0.035270 0.000010 0.679961 0.028896 0.029582 0.000010
0.000010 0.000010 0.232610 0.044836 0.000010 0.722494 0.000010 0.000010 0.000010
0.000010 0.000010 0.230487 0.000010 0.055056 0.601860 0.112547 0.000010 0.000010
0.000010 0.000010 0.249760 0.000010 0.082224 0.550011 0.085052 0.032912 0.000010
0.000010 0.000010 0.292553 0.000010 0.000010 0.635685 0.071702 0.000010 0.000010
0.009168 0.000010 0.227098 0.019470 0.000010 0.644881 0.099343 0.000010 0.000010
0.024504 0.000010 0.005296 0.072514 0.000010 0.090093 0.007549 0.800014 0.000010
0.000010 0.000010 0.003339 0.000010 0.000010 0.000010 0.109828 0.886773 0.000010
0.000010 0.000010 0.049246 0.073044 0.013114 0.101124 0.000010 0.763432 0.000010
0.000010 0.000010 0.000010 0.054612 0.000010 0.141354 0.000010 0.792902 0.011082
0.000010 0.000010 0.000010 0.000010 0.000010 0.000010 0.000010 0.999920 0.000010
0.000010 0.000010 0.000010 0.000010 0.000010 0.000010 0.000010 0.999920 0.000010
0.000010 0.000010 0.000010 0.000010 0.000010 0.000010 0.000010 0.999920 0.000010
0.000010 0.000010 0.000010 0.000010 0.000010 0.000010 0.000010 0.999920 0.000010
0.000010 0.000010 0.000010 0.000010 0.000010 0.000010 0.000010 0.999920 0.000010
0.000018 0.000010 0.000010 0.000010 0.000010 0.000010 0.000010 0.999912 0.000010
0.000010 0.000010 0.000010 0.022931 0.000010 0.066646 0.076575 0.831934 0.001874
0.000010 0.000010 0.078102 0.000010 0.000010 0.000010 0.000166 0.921672 0.000010
0.009444 0.000010 0.014154 0.051704 0.000010 0.000016 0.141862 0.782791 0.000010
0.016478 0.000010 0.040723 0.043349 0.029344 0.000010 0.124805 0.745271 0.000010
0.000010 0.000010 0.000010 0.000010 0.000010 0.000010 0.000010 0.999920 0.000010
0.002728 0.008445 0.000010 0.000010 0.000010 0.000010 0.025647 0.963130 0.000010
0.001187 0.000010 0.000010 0.000010 0.000010 0.000010 0.000010 0.834524 0.164229
0.000010 0.000010 0.000010 0.000010 0.000010 0.000010 0.000010 0.999920 0.000010
0.000010 0.000010 0.000010 0.013749 0.052956 0.081217 0.000010 0.852028 0.000010
0.000010 0.000010 0.053738 0.070825 0.000010 0.039687 0.113363 0.707223 0.015134
0.000010 0.999920 0.000010 0.000010 0.000010 0.000010 0.000010 0.000010 0.000010
0.000017 0.999913 0.000010 0.000010 0.000010 0.000010 0.000010 0.000010 0.000010
0.000019 0.999906 0.000010 0.000010 0.000010 0.000010 0.000015 0.000010 0.000010
0.000010 0.999920 0.000010 0.000010 0.000010 0.000010 0.000010 0.000010 0.000010
0.000010 0.999920 0.000010 0.000010 0.000010 0.000010 0.000010 0.000010 0.000010
0.000010 0.999920 0.000010 0.000010 0.000010 0.000010 0.000010 0.000010 0.000010
0.000010 0.999920 0.000010 0.000010 0.000010 0.000010 0.000010 0.000010 0.000010
0.000010 0.999913 0.000010 0.000010 0.000010 0.000010 0.000017 0.000010 0.000010
0.000013 0.999917 0.000010 0.000010 0.000010 0.000010 0.000010 0.000010 0.000010
0.000469 0.986955 0.000010 0.000010 0.000010 0.000010 0.000010 0.000010 0.012516
0.000010 0.999920 0.000010 0.000010 0.000010 0.000010 0.000010 0.000010 0.000010
0.000010 0.999920 0.000010 0.000010 0.000010 0.000010 0.000010 0.000010 0.000010
0.000010 0.999913 0.000017 0.000010 0.000010 0.000010 0.000010 0.000010 0.000010
0.000010 0.999920 0.000010 0.000010 0.000010 0.000010 0.000010 0.000010 0.000010
0.000010 0.995082 0.000010 0.000010 0.000010 0.000010 0.000010 0.000010 0.004848
0.000010 0.999920 0.000010 0.000010 0.000010 0.000010 0.000010 0.000010 0.000010
0.000010 0.999920 0.000010 0.000010 0.000010 0.000010 0.000010 0.000010 0.000010
0.000010 0.999920 0.000010 0.000010 0.000010 0.000010 0.000010 0.000010 0.000010
0.000010 0.890086 0.000010 0.000010 0.000010 0.000010 0.000010 0.000010 0.109844
0.000013 0.999917 0.000010 0.000010 0.000010 0.000010 0.000010 0.000010 0.000010
0.000010 0.999920 0.000010 0.000010 0.000010 0.000010 0.000010 0.000010 0.000010
0.000013 0.999917 0.000010 0.000010 0.000010 0.000010 0.000010 0.000010 0.000010
0.000010 0.999920 0.000010 0.000010 0.000010 0.000010 0.000010 0.000010 0.000010
0.000010 0.999920 0.000010 0.000010 0.000010 0.000010 0.000010 0.000010 0.000010
0.002454 0.990147 0.000010 0.000010 0.000010 0.000010 0.000010 0.000010 0.007339
0.000010 0.929501 0.000010 0.000010 0.000010 0.000010 0.000010 0.000010 0.070429
0.000010 0.999920 0.000010 0.000010 0.000010 0.000010 0.000010 0.000010 0.000010
0.006671 0.993259 0.000010 0.000010 0.000010 0.000010 0.000010 0.000010 0.000010
0.013076 0.986854 0.000010 0.000010 0.000010 0.000010 0.000010 0.000010 0.000010
0.000010 0.000010 0.033574 0.905437 0.000010 0.000010 0.000841 0.060098 0.000010
0.000010 0.013291 0.000010 0.921151 0.065498 0.000010 0.000010 0.000010 0.000010
0.004296 0.000010 0.000010 0.995634 0.000010 0.000010 0.000010 0.000010 0.000010
0.011018 0.008233 0.000010 0.935799 0.044900 0.000010 0.000010 0.000010 0.000010
0.000010 0.000010 0.012365 0.962844 0.000010 0.000010 0.000010 0.024731 0.000010
0.010018 0.000010 0.025681 0.938612 0.000010 0.000010 0.025639 0.000010 0.000010
0.000010 0.000010 0.000010 0.873749 0.010073 0.061410 0.000010 0.054718 0.000010
0.007531 0.000010 0.000010 0.922291 0.000010 0.000010 0.032387 0.000010 0.037741
0.000010 0.000010 0.000010 0.881571 0.000010 0.012146 0.036086 0.070147 0.000010
0.007044 0.000010 0.049104 0.758192 0.033095 0.036647 0.000010 0.115888 0.000010
0.000010 0.000010 0.079319 0.681535 0.003883 0.156063 0.028387 0.050784 0.000010
0.006062 0.000010 0.000010 0.955030 0.038848 0.000010 0.000010 0.000010 0.000010
0.011439 0.000010 0.033432 0.791806 0.065009 0.031466 0.033979 0.032850 0.000010
0.000010 0.000010 0.043583 0.765447 0.017996 0.065153 0.063422 0.044369 0.000010
0.010278 0.000010 0.000010 0.784549 0.059419 0.000010 0.031463 0.114251 0.000010
0.000010 0.000010 0.035569 0.893484 0.067654 0.000010 0.003244 0.000010 0.000010
0.025463 0.000010 0.044259 0.786905 0.000010 0.056048 0.000010 0.087286 0.000010
0.000010 0.000010 0.074401 0.862031 0.027647 0.015396 0.017263 0.003232 0.000010
0.000010 0.000010 0.058634 0.881692 0.012484 0.047141 0.000010 0.000010 0.000010
0.000010 0.000010 0.000010 0.957915 0.000010 0.000010 0.012384 0.028542 0.001108
0.000010 0.000010 0.075377 0.766349 0.016226 0.016023 0.060578 0.065417 0.000010
0.000010 0.000010 0.030681 0.932776 0.001773 0.000010 0.000010 0.000010 0.034721
0.000010 0.018119 0.000010 0.860856 0.039861 0.028908 0.052216 0.000010 0.000010
0.000010 0.000010 0.038448 0.914307 0.030254 0.000010 0.000010 0.016940 0.000010
0.000010 0.000010 0.049874 0.869265 0.000010 0.000010 0.067539 0.000010 0.013272
0.000010 0.000010 0.027467 0.726509 0.069609 0.000012 0.130571 0.045800 0.000010
0.021555 0.000010 0.061467 0.783002 0.044822 0.000010 0.006761 0.082363 0.000010
0.008557 0.000010 0.118922 0.841508 0.009249 0.000010 0.021724 0.000010 0.000010
0.000010 0.000010 0.045132 0.806709 0.030035 0.000010 0.000010 0.118074 0.000010
0.000010 0.000010 0.049885 0.852776 0.000010 0.097279 0.000010 0.000010 0.000010
0.000010 0.000010 0.044167 0.769745 0.000010 0.000011 0.077214 0.108823 0.000010
0.000010 0.013033 0.006019 0.714622 0.083599 0.000010 0.038228 0.144469 0.000010
0.000010 0.000010 0.039305 0.877644 0.040840 0.000010 0.000010 0.042161 0.000010
0.000010 0.000010 0.036380 0.758937 0.091309 0.041928 0.010916 0.039359 0.021151
0.001782 0.000010 0.000015 0.771523 0.049314 0.000010 0.091933 0.059093 0.026321
0.005292 0.000010 0.032758 0.759894 0.081722 0.000010 0.053916 0.064728 0.001670
0.021052 0.000010 0.005882 0.792750 0.067846 0.048961 0.026446 0.037043 0.000010
0.018842 0.000010 0.014993 0.736620 0.074387 0.000010 0.054305 0.093406 0.007426
0.010733 0.000010 0.000010 0.755547 0.102738 0.008834 0.006351 0.097008 0.018769
0.000010 0.000010 0.000010 0.831296 0.013425 0.155219 0.000010 0.000010 0.000010
0.566111 0.001470 0.083858 0.005399 0.071594 0.156373 0.044735 0.032950 0.037510
0.000010 0.000010 0.000010 0.731853 0.100936 0.057470 0.053470 0.024197 0.032045
0.000010 0.000010 0.042652 0.730555 0.056222 0.030814 0.000010 0.105752 0.033974
0.000010 0.000010 0.000010 0.828711 0.000010 0.123550 0.000010 0.004536 0.043153
0.000010 0.000010 0.999920 0.000010 0.000010 0.000010 0.000010 0.000010 0.000010
0.000010 0.000010 0.999917 0.000010 0.000010 0.000010 0.000013 0.000010 0.000010
0.000010 0.000010 0.999920 0.000010 0.000010 0.000010 0.000010 0.000010 0.000010
0.000010 0.000010 0.999920 0.000010 0.000010 0.000010 0.000010 0.000010 0.000010
0.000010 0.000010 0.999920 0.000010 0.000010 0.000010 0.000010 0.000010 0.000010
0.000010 0.000010 0.999920 0.000010 0.000010 0.000010 0.000010 0.000010 0.000010
0.000010 0.000010 0.999920 0.000010 0.000010 0.000010 0.000010 0.000010 0.000010
0.000010 0.000010 0.999920 0.000010 0.000010 0.000010 0.000010 0.000010 0.000010
0.000010 0.000010 0.780877 0.000010 0.000010 0.000010 0.000010 0.000010 0.219053
0.999920 0.000010 0.000010 0.000010 0.000010 0.000010 0.000010 0.000010 0.000010
0.999920 0.000010 0.000010 0.000010 0.000010 0.000010 0.000010 0.000010 0.000010
0.999920 0.000010 0.000010 0.000010 0.000010 0.000010 0.000010 0.000010 0.000010
0.999920 0.000010 0.000010 0.000010 0.000010 0.000010 0.000010 0.000010 0.000010
0.999920 0.000010 0.000010 0.000010 0.000010 0.000010 0.000010 0.000010 0.000010
0.999920 0.000010 0.000010 0.000010 0.000010 0.000010 0.000010 0.000010 0.000010
0.999920 0.000010 0.000010 0.000010 0.000010 0.000010 0.000010 0.000010 0.000010
0.999920 0.000010 0.000010 0.000010 0.000010 0.000010 0.000010 0.000010 0.000010
0.999920 0.000010 0.000010 0.000010 0.000010 0.000010 0.000010 0.000010 0.000010
0.999920 0.000010 0.000010 0.000010 0.000010 0.000010 0.000010 0.000010 0.000010
0.999920 0.000010 0.000010 0.000010 0.000010 0.000010 0.000010 0.000010 0.000010
0.999920 0.000010 0.000010 0.000010 0.000010 0.000010 0.000010 0.000010 0.000010
0.999920 0.000010 0.000010 0.000010 0.000010 0.000010 0.000010 0.000010 0.000010
0.999920 0.000010 0.000010 0.000010 0.000010 0.000010 0.000010 0.000010 0.000010
0.999920 0.000010 0.000010 0.000010 0.000010 0.000010 0.000010 0.000010 0.000010
0.999918 0.000012 0.000010 0.000010 0.000010 0.000010 0.000010 0.000010 0.000010
0.999920 0.000010 0.000010 0.000010 0.000010 0.000010 0.000010 0.000010 0.000010
0.999913 0.000010 0.000017 0.000010 0.000010 0.000010 0.000010 0.000010 0.000010
0.999920 0.000010 0.000010 0.000010 0.000010 0.000010 0.000010 0.000010 0.000010
0.999920 0.000010 0.000010 0.000010 0.000010 0.000010 0.000010 0.000010 0.000010
0.999915 0.000015 0.000010 0.000010 0.000010 0.000010 0.000010 0.000010 0.000010
0.999920 0.000010 0.000010 0.000010 0.000010 0.000010 0.000010 0.000010 0.000010
0.999920 0.000010 0.000010 0.000010 0.000010 0.000010 0.000010 0.000010 0.000010
0.999920 0.000010 0.000010 0.000010 0.000010 0.000010 0.000010 0.000010 0.000010
0.999913 0.000010 0.000017 0.000010 0.000010 0.000010 0.000010 0.000010 0.000010
0.000010 0.000012 0.000014 0.000010 0.000010 0.000010 0.999914 0.000010 0.000010
0.019409 0.000014 0.000010 0.120430 0.016076 0.150741 0.556755 0.114886 0.021680
0.026827 0.000010 0.053187 0.114117 0.000010 0.095276 0.671365 0.039198 0.000010
0.035686 0.001668 0.000010 0.000010 0.000010 0.000010 0.962587 0.000010 0.000010
0.000010 0.000010 0.000010 0.000010 0.000010 0.000010 0.999920 0.000010 0.000010
0.000010 0.000010 0.000010 0.000010 0.000010 0.054813 0.927961 0.000010 0.017166
0.058265 0.000010 0.003549 0.133494 0.048773 0.160565 0.517436 0.077897 0.000010
0.000010 0.000010 0.000010 0.000010 0.000010 0.000010 0.999920 0.000010 0.000010
0.000010 0.000010 0.000010 0.000010 0.000010 0.000010 0.999920 0.000010 0.000010
0.000010 0.000010 0.000010 0.000010 0.000010 0.000010 0.999920 0.000010 0.000010
0.026183 0.000010 0.000010 0.000010 0.000010 0.360416 0.594617 0.018734 0.000010
0.046152 0.000010 0.000010 0.000010 0.095429 0.052916 0.795691 0.000010 0.009772
0.005752 0.000010 0.000010 0.000010 0.000010 0.000010 0.000010 0.000010 0.994178
0.001578 0.045442 0.000010 0.000010 0.000010 0.000010 0.000010 0.000010 0.952920
0.018082 0.018473 0.000010 0.000010 0.000010 0.000010 0.000010 0.000010 0.963384
0.029782 0.000010 0.021182 0.000010 0.000010 0.000010 0.000010 0.000010 0.948976
0.042305 0.008284 0.000010 0.000010 0.000010 0.000010 0.000010 0.000010 0.949351
0.026474 0.010206 0.000010 0.000010 0.000010 0.000010 0.000010 0.000010 0.963260
0.000010 0.000010 0.000010 0.000010 0.000010 0.000010 0.000010 0.000010 0.999920
0.023861 0.022494 0.000010 0.000010 0.000010 0.000010 0.000010 0.000010 0.953585
0.009199 0.005765 0.000010 0.000010 0.000010 0.000010 0.000018 0.000010 0.984968
0.000010 0.043208 0.000010 0.000010 0.000010 0.000010 0.000010 0.000010 0.956722
0.000010 0.000010 0.000010 0.000010 0.000010 0.000010 0.000010 0.000010 0.999920
0.000010 0.000010 0.000010 0.000010 0.000010 0.000010 0.000010 0.000010 0.999920
0.013976 0.009396 0.000010 0.000010 0.000010 0.000010 0.000010 0.000010 0.976568
0.000010 0.028548 0.000010 0.000010 0.000010 0.000010 0.000010 0.000010 0.971382
0.000010 0.050467 0.000010 0.000010 0.000010 0.000010 0.000010 0.000010 0.949463
0.012253 0.000010 0.000010 0.000010 0.000010 0.000010 0.000010 0.000010 0.987677
0.006540 0.010006 0.000010 0.000010 0.000010 0.000010 0.000010 0.000010 0.983394
0.022159 0.000010 0.000010 0.000010 0.000010 0.000010 0.000010 0.000010 0.977771
0.001120 0.000010 0.000010 0.000010 0.000010 0.000010 0.000010 0.000010 0.998810
0.000010 0.000010 0.000010 0.000010 0.000010 0.000010 0.000010 0.000010 0.999920
0.007002 0.000010 0.000010 0.000010 0.000010 0.000010 0.000010 0.000010 0.992928
0.000017 0.003874 0.000010 0.000010 0.000010 0.000010 0.000013 0.000010 0.996046
0.004365 0.016574 0.000010 0.000010 0.000010 0.000010 0.000010 0.000010 0.979001
0.000010 0.009638 0.000010 0.000010 0.000010 0.000010 0.000010 0.000010 0.990292
0.000010 0.028396 0.000010 0.000010 0.000010 0.000010 0.000010 0.000010 0.971534
0.000010 0.024777 0.000010 0.000010 0.000010 0.000010 0.000010 0.000010 0.975153
0.000010 0.000010 0.000010 0.000010 0.000010 0.000010 0.000010 0.000010 0.999920
0.000018 0.083067 0.009364 0.000010 0.000010 0.000010 0.000010 0.000010 0.907500
0.022132 0.075642 0.000010 0.000010 0.001505 0.000010 0.000010 0.000010 0.900671
0.000010 0.000010 0.000010 0.000010 0.000010 0.000010 0.000010 0.000010 0.999920
0.000304 0.000010 0.000010 0.000010 0.000010 0.000010 0.000010 0.000010 0.999626
0.003371 0.000010 0.000010 0.000010 0.000010 0.000010 0.000010 0.000010 0.996559
0.024887 0.351830 0.000010 0.000010 0.000010 0.000010 0.000010 0.000010 0.623223
0.000010 0.280703 0.000010 0.000010 0.000010 0.000010 0.000010 0.000010 0.719227
0.006655 0.505182 0.000010 0.000010 0.000010 0.000010 0.000010 0.000010 0.488104
0.000010 0.424662 0.000010 0.000010 0.000010 0.000010 0.000010 0.000010 0.575268
0.000010 0.247263 0.000010 0.000010 0.000010 0.000010 0.000010 0.000010 0.752667
0.019681 0.397525 0.000010 0.000010 0.000010 0.000010 0.000010 0.000010 0.582734
0.024420 0.307677 0.000010 0.000010 0.000010 0.000010 0.000010 0.000010 0.667843
0.004154 0.452824 0.000010 0.000010 0.000010 0.000010 0.000010 0.000010 0.542962
0.000010 0.496784 0.000010 0.000010 0.000010 0.000010 0.000010 0.000010 0.503146
0.000010 0.495934 0.000010 0.000010 0.000010 0.000010 0.000010 0.000010 0.503996
0.000010 0.354995 0.000010 0.000010 0.000010 0.000010 0.000010 0.000010 0.644935
0.000010 0.769041 0.000010 0.000010 0.000010 0.000010 0.000010 0.000010 0.230889
0.000010 0.308865 0.000010 0.000010 0.000010 0.000010 0.000010 0.000010 0.691065
0.004797 0.439750 0.000010 0.000010 0.000010 0.000010 0.000010 0.000010 0.555393
0.027425 0.452251 0.000010 0.000010 0.000010 0.000010 0.000010 0.000010 0.520265
0.035474 0.401981 0.000010 0.000010 0.000010 0.000010 0.000010 0.000010 0.562485
0.000010 0.387268 0.000010 0.000010 0.000010 0.000010 0.000010 0.000010 0.612662
0.011457 0.178911 0.000010 0.000010 0.000010 0.000010 0.000015 0.000010 0.809567
0.016117 0.228710 0.000010 0.000010 0.000010 0.000010 0.000010 0.000010 0.755113
0.000010 0.314348 0.000010 0.000010 0.000010 0.000010 0.000010 0.000010 0.685582
0.017984 0.270526 0.000010 0.000010 0.000010 0.000010 0.000010 0.000010 0.711430
0.000010 0.369035 0.000010 0.000010 0.000010 0.000010 0.000010 0.000010 0.630895
0.000010 0.674125 0.000013 0.000010 0.000010 0.000010 0.000010 0.000010 0.325802
0.018570 0.472028 0.000010 0.000010 0.000010 0.000010 0.000010 0.000010 0.509342
0.000016 0.276181 0.000010 0.000010 0.000010 0.000010 0.000010 0.000010 0.723743
0.034983 0.263233 0.000010 0.000010 0.000010 0.000010 0.000010 0.000010 0.701724
0.000010 0.309654 0.000010 0.000010 0.000010 0.000010 0.000010 0.000010 0.690276
0.000010 0.646118 0.000010 0.000010 0.000010 0.000010 0.000010 0.000010 0.353812
0.000010 0.358843 0.000012 0.000010 0.000010 0.000010 0.000010 0.000010 0.641085
0.000010 0.699628 0.000010 0.000010 0.000010 0.000010 0.000010 0.000010 0.300302
