0.000010 0.000010 0.978524 0.021436 0.000010 0.000010
0.000010 0.000010 0.999950 0.000010 0.000010 0.000010
0.000010 0.000010 0.999950 0.000010 0.000010 0.000010
0.000010 0.000010 0.999950 0.000010 0.000010 0.000010
0.000010 0.000010 0.999950 0.000010 0.000010 0.000010
0.000010 0.000010 0.999950 0.000010 0.000010 0.000010
0.000010 0.000010 0.999950 0.000010 0.000010 0.000010
0.000010 0.000010 0.999946 0.000014 0.000010 0.000010
0.000010 0.000010 0.988582 0.011378 0.000010 0.000010
0.000010 0.000010 0.999950 0.000010 0.000010 0.000010
0.000010 0.000010 0.999950 0.000010 0.000010 0.000010
0.000010 0.000010 0.218512 0.000010 0.547469 0.233989
0.000010 0.002872 0.186223 0.000010 0.509804 0.301081
0.000010 0.000010 0.182248 0.000010 0.477189 0.340533
0.014414 0.000010 0.331412 0.000010 0.654145 0.000010
0.000010 0.000010 0.365796 0.001452 0.632722 0.000010
0.017039 0.000010 0.308937 0.000010 0.587370 0.086635
0.002900 0.000010 0.311381 0.038127 0.647572 0.000010
0.003524 0.000010 0.251914 0.029189 0.699364 0.015999
0.010299 0.000010 0.347520 0.000010 0.642151 0.000010
0.025817 0.000010 0.277921 0.000010 0.668969 0.027273
0.019961 0.000010 0.367186 0.000010 0.612824 0.000010
0.013849 0.000010 0.336321 0.021997 0.627814 0.000010
0.061312 0.000010 0.253927 0.000010 0.606389 0.078352
0.011561 0.000010 0.326280 0.007427 0.654712 0.000010
0.059816 0.000010 0.308196 0.012427 0.619541 0.000010
0.035071 0.000010 0.260268 0.011220 0.693421 0.000010
0.038485 0.000010 0.313293 0.016814 0.600803 0.030595
0.015489 0.000010 0.332837 0.000010 0.645621 0.006032
0.055790 0.013385 0.265075 0.004992 0.623715 0.037044
0.005484 0.000010 0.342658 0.013358 0.619134 0.019355
0.021550 0.000010 0.288714 0.040211 0.504427 0.145089
0.019711 0.000010 0.278298 0.000010 0.610691 0.091280
0.048754 0.000010 0.265175 0.000010 0.624652 0.061399
0.020605 0.000010 0.263379 0.000010 0.695408 0.020587
0.040609 0.000010 0.262754 0.000010 0.628422 0.068194
0.011762 0.020408 0.308876 0.000010 0.627887 0.031057
0.005531 0.000010 0.278226 0.036049 0.550947 0.129236
0.033581 0.000010 0.227481 0.000010 0.616605 0.122313
0.029986 0.000010 0.260682 0.028859 0.574842 0.105621
0.036131 0.000010 0.219416 0.000010 0.702941 0.041492
0.027462 0.000010 0.205627 0.000010 0.653964 0.112926
0.000010 0.000010 0.274813 0.027078 0.683071 0.015017
0.000013 0.000010 0.254147 0.019073 0.633106 0.093651
0.000010 0.000010 0.258310 0.020715 0.595683 0.125272
0.000012 0.000010 0.218320 0.038962 0.633683 0.109014
0.027834 0.000010 0.217404 0.000010 0.734524 0.020219
0.000010 0.000010 0.255195 0.018848 0.645570 0.080368
0.000010 0.000010 0.213138 0.028849 0.658643 0.099351
0.000010 0.000010 0.262210 0.012755 0.587830 0.137186
0.000010 0.000010 0.284774 0.000010 0.637279 0.077917
0.007771 0.000010 0.316987 0.034942 0.591616 0.048674
0.000010 0.000010 0.238967 0.036780 0.679282 0.044951
0.000010 0.000010 0.225104 0.045099 0.645254 0.084523
0.000010 0.000010 0.000010 0.039479 0.630394 0.330097
0.047201 0.000010 0.000010 0.002465 0.677245 0.273068
0.043270 0.000010 0.000013 0.000010 0.613360 0.343337
0.020043 0.004504 0.000010 0.000010 0.629103 0.346330
0.031157 0.000010 0.000010 0.000010 0.785397 0.183416
0.014411 0.000010 0.000010 0.016972 0.677496 0.291101
0.053366 0.000010 0.000010 0.000010 0.709189 0.237416
0.049380 0.000010 0.000010 0.000010 0.678871 0.271718
0.031455 0.000010 0.000010 0.014694 0.727440 0.226391
0.000010 0.001919 0.000010 0.028214 0.675077 0.294770
0.031006 0.016039 0.000010 0.000010 0.639663 0.313271
0.048479 0.000010 0.000010 0.012416 0.648441 0.290643
0.038938 0.000010 0.000010 0.011747 0.645643 0.303653
0.007714 0.000010 0.003021 0.039006 0.630856 0.319393
0.003435 0.000010 0.000010 0.025734 0.627012 0.343799
0.032628 0.030384 0.000010 0.005099 0.736387 0.195492
0.183078 0.000010 0.050747 0.075119 0.000010 0.691036
0.000010 0.030685 0.000010 0.009432 0.672086 0.287777
0.000010 0.015765 0.000010 0.014759 0.645994 0.323462
0.079078 0.000010 0.019644 0.000010 0.621949 0.279308
0.000010 0.999950 0.000010 0.000010 0.000010 0.000010
0.000010 0.999949 0.000010 0.000011 0.000010 0.000010
0.000010 0.999950 0.000010 0.000010 0.000010 0.000010
0.000010 0.999950 0.000010 0.000010 0.000010 0.000010
0.000010 0.999950 0.000010 0.000010 0.000010 0.000010
0.000010 0.999950 0.000010 0.000010 0.000010 0.000010
0.000010 0.999950 0.000010 0.000010 0.000010 0.000010
0.000010 0.999950 0.000010 0.000010 0.000010 0.000010
0.000010 0.999950 0.000010 0.000010 0.000010 0.000010
0.000010 0.999950 0.000010 0.000010 0.000010 0.000010
0.000010 0.999950 0.000010 0.000010 0.000010 0.000010
0.000010 0.999950 0.000010 0.000010 0.000010 0.000010
0.000010 0.999950 0.000010 0.000010 0.000010 0.000010
0.000010 0.999950 0.000010 0.000010 0.000010 0.000010
0.000010 0.999950 0.000010 0.000010 0.000010 0.000010
0.000010 0.999950 0.000010 0.000010 0.000010 0.000010
0.000010 0.999950 0.000010 0.000010 0.000010 0.000010
0.000010 0.999950 0.000010 0.000010 0.000010 0.000010
0.090027 0.909933 0.000010 0.000010 0.000010 0.000010
0.000010 0.999950 0.000010 0.000010 0.000010 0.000010
0.000010 0.999950 0.000010 0.000010 0.000010 0.000010
0.000010 0.999950 0.000010 0.000010 0.000010 0.000010
0.000010 0.999950 0.000010 0.000010 0.000010 0.000010
0.000010 0.999950 0.000010 0.000010 0.000010 0.000010
0.009331 0.990087 0.000010 0.000552 0.000010 0.000010
0.039189 0.960769 0.000011 0.000010 0.000010 0.000010
0.000010 0.999950 0.000010 0.000010 0.000010 0.000010
0.003064 0.990579 0.000010 0.006327 0.000010 0.000010
0.000010 0.991239 0.000010 0.008721 0.000010 0.000010
0.000010 0.000010 0.023212 0.005744 0.013348 0.957676
0.000010 0.001622 0.035887 0.000010 0.000010 0.962461
0.000010 0.000010 0.000010 0.000010 0.000010 0.999950
0.000010 0.000010 0.030518 0.007938 0.000010 0.961514
0.000010 0.000010 0.000010 0.000010 0.000010 0.999950
0.000010 0.000010 0.000010 0.010569 0.000010 0.989391
0.000010 0.000010 0.038819 0.000010 0.039526 0.921624
0.028165 0.000010 0.000010 0.016230 0.000010 0.955574
0.000010 0.000010 0.000010 0.000010 0.081880 0.918080
0.000010 0.000010 0.056136 0.019304 0.103843 0.820697
0.004855 0.014094 0.070067 0.000010 0.177817 0.733157
0.000010 0.000010 0.024973 0.004083 0.000010 0.970915
0.000010 0.003642 0.062393 0.011191 0.074112 0.848653
0.000010 0.006714 0.025970 0.000010 0.140594 0.826702
0.000010 0.000010 0.045993 0.010656 0.067826 0.875504
0.000010 0.000010 0.041832 0.000010 0.000010 0.958128
0.000010 0.000010 0.031062 0.033952 0.068973 0.865993
0.028071 0.000010 0.025782 0.000010 0.036522 0.909605
0.014687 0.000010 0.067039 0.000010 0.000010 0.918244
0.000010 0.000010 0.000010 0.000010 0.000010 0.999950
0.000010 0.012782 0.040898 0.000010 0.131636 0.814664
0.039547 0.000010 0.017935 0.000010 0.000010 0.942488
0.000010 0.013666 0.042084 0.000010 0.049244 0.894986
0.000010 0.000010 0.036889 0.000010 0.000010 0.963071
0.034898 0.000010 0.054948 0.000010 0.022221 0.887913
0.000010 0.000010 0.058856 0.000010 0.155593 0.785521
0.000010 0.000010 0.053704 0.034542 0.067915 0.843820
0.000010 0.000010 0.030125 0.036242 0.046016 0.887596
0.000010 0.000010 0.050938 0.000934 0.078482 0.869626
0.000010 0.000010 0.021944 0.000010 0.075184 0.902842
0.014177 0.000010 0.014870 0.000010 0.118488 0.852446
0.000010 0.014456 0.086985 0.000010 0.103311 0.795228
0.015638 0.000010 0.040888 0.000010 0.000010 0.943444
0.030886 0.000010 0.050178 0.000010 0.105583 0.813333
0.008597 0.000010 0.046864 0.011312 0.093161 0.840057
0.003662 0.000010 0.055607 0.010556 0.105818 0.824347
0.000010 0.000010 0.077712 0.012894 0.078772 0.830602
0.017120 0.000010 0.103233 0.015144 0.080202 0.784291
0.010881 0.000010 0.074581 0.012138 0.077404 0.824986
0.000010 0.000010 0.121091 0.000010 0.014672 0.864207
0.249782 0.002119 0.114436 0.031978 0.595889 0.005796
0.018618 0.000010 0.096088 0.000010 0.116211 0.769064
0.050570 0.000010 0.078251 0.000010 0.058971 0.812187
0.032752 0.000010 0.029008 0.000010 0.044839 0.893380
0.999950 0.000010 0.000010 0.000010 0.000010 0.000010
0.999950 0.000010 0.000010 0.000010 0.000010 0.000010
0.999950 0.000010 0.000010 0.000010 0.000010 0.000010
0.999950 0.000010 0.000010 0.000010 0.000010 0.000010
0.999950 0.000010 0.000010 0.000010 0.000010 0.000010
0.999950 0.000010 0.000010 0.000010 0.000010 0.000010
0.999950 0.000010 0.000010 0.000010 0.000010 0.000010
0.999950 0.000010 0.000010 0.000010 0.000010 0.000010
0.910072 0.009090 0.044311 0.000010 0.036507 0.000010
0.000010 0.000010 0.000010 0.999950 0.000010 0.000010
0.000010 0.000010 0.000011 0.999947 0.000012 0.000010
0.000010 0.000010 0.000012 0.999948 0.000010 0.000010
0.000010 0.000010 0.000010 0.999950 0.000010 0.000010
0.000010 0.000010 0.000010 0.999950 0.000010 0.000010
0.000010 0.000010 0.000015 0.999945 0.000010 0.000010
0.000010 0.000010 0.000010 0.999950 0.000010 0.000010
0.000010 0.000010 0.000010 0.999950 0.000010 0.000010
0.000010 0.000010 0.000010 0.999950 0.000010 0.000010
0.000010 0.000010 0.000010 0.999950 0.000010 0.000010
0.000013 0.000010 0.000010 0.999947 0.000010 0.000010
0.000010 0.000010 0.000010 0.999950 0.000010 0.000010
0.000010 0.000010 0.000010 0.999950 0.000010 0.000010
0.000012 0.000010 0.000010 0.999948 0.000010 0.000010
0.000010 0.000010 0.000010 0.999950 0.000010 0.000010
0.000010 0.000010 0.000010 0.999950 0.000010 0.000010
0.000012 0.000010 0.000010 0.999947 0.000011 0.000010
0.000010 0.000010 0.000012 0.999948 0.000010 0.000010
0.000010 0.000010 0.000010 0.999950 0.000010 0.000010
0.000010 0.000010 0.000010 0.999950 0.000010 0.000010
0.000010 0.000010 0.000010 0.999950 0.000010 0.000010
0.000010 0.000010 0.000010 0.999950 0.000010 0.000010
0.000010 0.000010 0.000010 0.999950 0.000010 0.000010
0.000010 0.000010 0.000010 0.999950 0.000010 0.000010
0.000010 0.000010 0.000010 0.999950 0.000010 0.000010
0.000010 0.000010 0.000010 0.000010 0.999950 0.000010
0.000010 0.008102 0.109646 0.020796 0.734561 0.126885
0.000010 0.000010 0.094290 0.045745 0.743714 0.116231
0.000010 0.015300 0.114709 0.043178 0.825772 0.001031
0.000010 0.000010 0.061604 0.000010 0.938356 0.000010
0.025070 0.000010 0.072310 0.000010 0.889777 0.012823
0.000010 0.000010 0.126716 0.058953 0.692483 0.121828
0.000010 0.000010 0.000010 0.000010 0.999950 0.000010
0.000010 0.000010 0.110863 0.001336 0.887771 0.000010
0.000010 0.000010 0.099351 0.021818 0.878800 0.000010
0.000010 0.000010 0.141871 0.012479 0.845620 0.000010
0.000010 0.000010 0.158739 0.055491 0.785740 0.000010
0.786235 0.195321 0.000010 0.018414 0.000010 0.000010
0.736062 0.243382 0.000010 0.020526 0.000010 0.000010
0.763625 0.199501 0.000010 0.036843 0.000010 0.000010
0.777619 0.187647 0.000010 0.034705 0.000010 0.000010
0.757290 0.183673 0.000010 0.059007 0.000010 0.000010
0.767391 0.195116 0.000010 0.037463 0.000010 0.000010
0.805017 0.194943 0.000010 0.000010 0.000010 0.000010
0.743926 0.218152 0.000010 0.037892 0.000010 0.000010
0.760138 0.208896 0.000010 0.030936 0.000010 0.000010
0.756468 0.234787 0.000010 0.008715 0.000010 0.000010
0.825380 0.174580 0.000010 0.000010 0.000010 0.000010
0.811144 0.188816 0.000010 0.000010 0.000010 0.000010
0.767750 0.210418 0.000010 0.021802 0.000010 0.000010
0.758732 0.229531 0.000010 0.011706 0.000010 0.000010
0.738929 0.259494 0.000010 0.001547 0.000010 0.000010
0.815420 0.160209 0.000010 0.024341 0.000010 0.000010
0.794482 0.191538 0.000010 0.013949 0.000010 0.000010
0.763353 0.209845 0.000010 0.026772 0.000010 0.000010
0.791709 0.193255 0.000010 0.015006 0.000010 0.000010
0.864741 0.135219 0.000010 0.000010 0.000010 0.000010
0.798189 0.181933 0.000010 0.019849 0.000010 0.000010
0.789402 0.198870 0.000010 0.011698 0.000010 0.000010
0.765637 0.218253 0.000010 0.016080 0.000010 0.000010
0.786053 0.213907 0.000010 0.000010 0.000010 0.000010
0.806684 0.193276 0.000010 0.000010 0.000010 0.000010
0.790761 0.209199 0.000010 0.000010 0.000010 0.000010
0.858970 0.140990 0.000010 0.000010 0.000010 0.000010
0.726169 0.266255 0.000010 0.007546 0.000010 0.000010
0.734002 0.233324 0.000010 0.032644 0.000010 0.000010
0.802146 0.188972 0.000010 0.008852 0.000010 0.000010
0.784742 0.196566 0.000010 0.018662 0.000010 0.000010
0.784592 0.197760 0.000010 0.017619 0.000010 0.000010
0.488189 0.482033 0.000010 0.029748 0.000010 0.000010
0.574835 0.425125 0.000010 0.000010 0.000010 0.000010
0.376102 0.606840 0.000010 0.017028 0.000010 0.000010
0.457255 0.542705 0.000010 0.000010 0.000010 0.000010
0.597178 0.402782 0.000010 0.000010 0.000010 0.000010
0.448593 0.521393 0.000012 0.029982 0.000010 0.000010
0.530279 0.438694 0.000010 0.030997 0.000010 0.000010
0.420101 0.567410 0.000011 0.012459 0.000010 0.000010
0.383823 0.616136 0.000010 0.000010 0.000011 0.000010
0.397266 0.602694 0.000010 0.000010 0.000010 0.000010
0.489107 0.510853 0.000010 0.000010 0.000010 0.000010
0.175001 0.824959 0.000010 0.000010 0.000010 0.000010
0.536756 0.460233 0.000010 0.002981 0.000010 0.000010
0.425307 0.558722 0.000010 0.015941 0.000010 0.000010
0.399308 0.564284 0.000010 0.036378 0.000010 0.000010
0.433772 0.524141 0.000010 0.042057 0.000010 0.000010
0.491226 0.505036 0.000010 0.003707 0.000010 0.000010
0.654106 0.332659 0.000015 0.013194 0.000015 0.000010
0.594586 0.379449 0.000010 0.025935 0.000010 0.000010
0.546284 0.450706 0.000010 0.002980 0.000010 0.000010
0.561832 0.413007 0.000010 0.025131 0.000010 0.000010
0.499190 0.494627 0.000010 0.006153 0.000010 0.000010
0.271932 0.728028 0.000010 0.000010 0.000010 0.000010
0.397107 0.578184 0.000010 0.024679 0.000010 0.000010
0.582525 0.412357 0.000010 0.005089 0.000010 0.000010
0.551361 0.402148 0.000010 0.046461 0.000010 0.000010
0.556943 0.437671 0.000010 0.005356 0.000010 0.000010
0.272961 0.726999 0.000010 0.000010 0.000010 0.000010
0.503111 0.496536 0.000010 0.000324 0.000010 0.000010
0.234881 0.765079 0.000010 0.000010 0.000010 0.000010
