0.000010 0.000010 0.000010 0.000010 0.000010 0.884611 0.000010 0.000010 0.024565 0.000010 0.000010 0.090704 0.000010 0.000010 0.000010
0.000010 0.000010 0.000010 0.000010 0.000010 0.999860 0.000010 0.000010 0.000010 0.000010 0.000010 0.000010 0.000010 0.000010 0.000010
0.000010 0.000010 0.000010 0.000010 0.000010 0.999860 0.000010 0.000010 0.000010 0.000010 0.000010 0.000010 0.000010 0.000010 0.000010
0.000010 0.000010 0.000010 0.000010 0.000010 0.994949 0.000010 0.000010 0.000010 0.000010 0.000010 0.000010 0.004921 0.000010 0.000010
0.000010 0.000010 0.000010 0.000010 0.000010 0.999860 0.000010 0.000010 0.000010 0.000010 0.000010 0.000010 0.000010 0.000010 0.000010
0.000010 0.000010 0.000010 0.000010 0.000010 0.999860 0.000010 0.000010 0.000010 0.000010 0.000010 0.000010 0.000010 0.000010 0.000010
0.000010 0.000010 0.000010 0.000010 0.000010 0.999860 0.000010 0.000010 0.000010 0.000010 0.000010 0.000010 0.000010 0.000010 0.000010
0.000010 0.000010 0.000010 0.000010 0.000010 0.999860 0.000010 0.000010 0.000010 0.000010 0.000010 0.000010 0.000010 0.000010 0.000010
0.000010 0.000010 0.000010 0.000010 0.000010 0.920751 0.000010 0.000010 0.024916 0.000010 0.054213 0.000010 0.000010 0.000010 0.000010
0.000010 0.000010 0.000010 0.000010 0.000010 0.846618 0.000010 0.000010 0.000010 0.000010 0.134856 0.000010 0.000010 0.018407 0.000010
0.000010 0.000010 0.000010 0.000010 0.000010 0.999860 0.000010 0.000010 0.000010 0.000010 0.000010 0.000010 0.000010 0.000010 0.000010
0.034397 0.000010 0.000010 0.407007 0.000010 0.323286 0.000010 0.235200 0.000010 0.000010 0.000010 0.000010 0.000010 0.000010 0.000010
0.164835 0.000010 0.000010 0.309139 0.051815 0.258496 0.000010 0.215615 0.000010 0.000010 0.000010 0.000010 0.000010 0.000010 0.000010
0.198048 0.000010 0.000010 0.371565 0.000010 0.274764 0.000010 0.155513 0.000010 0.000010 0.000010 0.000010 0.000010 0.000010 0.000010
0.000010 0.999860 0.000010 0.000010 0.000010 0.000010 0.000010 0.000010 0.000010 0.000010 0.000010 0.000010 0.000010 0.000010 0.000010
0.000010 0.999860 0.000010 0.000010 0.000010 0.000010 0.000010 0.000010 0.000010 0.000010 0.000010 0.000010 0.000010 0.000010 0.000010
0.062518 0.879377 0.000010 0.057985 0.000010 0.000010 0.000010 0.000010 0.000010 0.000010 0.000010 0.000010 0.000010 0.000010 0.000010
0.000010 0.900289 0.000010 0.000010 0.047235 0.014983 0.000010 0.000010 0.000010 0.000010 0.000010 0.000010 0.000010 0.037383 0.000010
0.000010 0.870990 0.000010 0.000010 0.000010 0.000010 0.000010 0.000010 0.000010 0.000010 0.000010 0.115300 0.000010 0.013590 0.000010
0.000010 0.999860 0.000010 0.000010 0.000010 0.000010 0.000010 0.000010 0.000010 0.000010 0.000010 0.000010 0.000010 0.000010 0.000010
0.000010 0.901032 0.000010 0.000010 0.000010 0.000010 0.000010 0.000010 0.000010 0.000010 0.000010 0.098838 0.000010 0.000010 0.000010
0.000010 0.848296 0.000010 0.000010 0.000010 0.076873 0.000010 0.000010 0.000010 0.000010 0.000010 0.074712 0.000010 0.000010 0.000010
0.000010 0.964641 0.000010 0.000010 0.000010 0.000010 0.000010 0.000010 0.000010 0.000010 0.000010 0.035229 0.000010 0.000010 0.000010
0.019588 0.817692 0.000010 0.000010 0.000010 0.000010 0.000010 0.088280 0.000010 0.000010 0.042674 0.000010 0.031666 0.000010 0.000010
0.000010 0.790742 0.000010 0.000010 0.000010 0.019556 0.000010 0.140016 0.000010 0.000010 0.010737 0.034719 0.004139 0.000010 0.000010
0.000010 0.971024 0.021396 0.000010 0.000010 0.000010 0.000010 0.000010 0.000010 0.000010 0.000010 0.000010 0.007461 0.000010 0.000010
0.000010 0.990201 0.009669 0.000010 0.000010 0.000010 0.000010 0.000010 0.000010 0.000010 0.000010 0.000010 0.000010 0.000010 0.000010
0.015288 0.864022 0.000010 0.000010 0.003916 0.000010 0.000010 0.056994 0.023913 0.000010 0.019767 0.000010 0.016019 0.000010 0.000010
0.000010 0.900507 0.000010 0.000010 0.000010 0.024734 0.000010 0.000010 0.000010 0.000010 0.031283 0.041047 0.002330 0.000010 0.000010
0.000010 0.881772 0.000010 0.000010 0.000010 0.000010 0.061033 0.000010 0.000010 0.000010 0.000010 0.057075 0.000010 0.000010 0.000010
0.000010 0.799825 0.000010 0.000010 0.000010 0.048549 0.000010 0.146647 0.000010 0.000010 0.000010 0.000010 0.000010 0.004869 0.000010
0.080649 0.377514 0.000010 0.027526 0.019115 0.133533 0.000010 0.304449 0.000010 0.000010 0.000010 0.000010 0.017306 0.039839 0.000010
0.000010 0.332302 0.000010 0.000010 0.091652 0.053278 0.000010 0.469787 0.000010 0.003520 0.049369 0.000010 0.000010 0.000010 0.000010
0.000010 0.491673 0.000010 0.041082 0.216432 0.056826 0.000010 0.165103 0.000010 0.026571 0.000010 0.000010 0.002233 0.000010 0.000010
0.000010 0.640864 0.000010 0.032116 0.000010 0.023806 0.000010 0.303104 0.000010 0.000010 0.000010 0.000010 0.000010 0.000010 0.000010
0.000010 0.182790 0.000010 0.000010 0.043824 0.052169 0.038148 0.590049 0.000010 0.000010 0.056448 0.036493 0.000010 0.000010 0.000010
0.000010 0.000010 0.000010 0.000010 0.000010 0.000010 0.000010 0.999860 0.000010 0.000010 0.000010 0.000010 0.000010 0.000010 0.000010
0.086166 0.104536 0.000010 0.000010 0.033392 0.074691 0.000010 0.500434 0.038741 0.000010 0.000010 0.161959 0.000010 0.000010 0.000010
0.066349 0.228538 0.000010 0.000010 0.018638 0.000010 0.000010 0.592076 0.000010 0.016747 0.000010 0.077562 0.000010 0.000010 0.000010
0.000010 0.000010 0.000010 0.000010 0.000010 0.000010 0.000010 0.989503 0.000010 0.000010 0.000010 0.000010 0.000010 0.010367 0.000010
0.000010 0.000010 0.000010 0.000010 0.000010 0.000010 0.000010 0.000010 0.000010 0.000010 0.000010 0.999860 0.000010 0.000010 0.000010
0.005642 0.217246 0.000010 0.066117 0.016914 0.000010 0.000010 0.490653 0.000010 0.000010 0.049563 0.142784 0.011010 0.000010 0.000010
0.000010 0.000010 0.000010 0.000010 0.000010 0.000010 0.000010 0.000010 0.000010 0.000010 0.000010 0.999860 0.000010 0.000010 0.000010
0.000010 0.122276 0.000013 0.000010 0.086515 0.000010 0.000010 0.740860 0.000010 0.000010 0.035257 0.000010 0.014990 0.000010 0.000010
0.000010 0.000010 0.000010 0.000010 0.000010 0.081800 0.000010 0.762938 0.000010 0.000010 0.000010 0.137571 0.000010 0.017581 0.000010
0.000010 0.000010 0.000010 0.000010 0.000010 0.000010 0.000010 0.000010 0.000010 0.000010 0.000010 0.999860 0.000010 0.000010 0.000010
0.000010 0.029997 0.000010 0.000010 0.135282 0.016894 0.000010 0.474672 0.000010 0.000010 0.000010 0.321291 0.021774 0.000010 0.000010
0.000010 0.171096 0.011846 0.092898 0.037671 0.000010 0.000010 0.586404 0.000010 0.000010 0.021426 0.078580 0.000010 0.000010 0.000010
0.000010 0.253557 0.028227 0.000010 0.000010 0.000010 0.000010 0.710916 0.000010 0.000010 0.007190 0.000010 0.000010 0.000010 0.000010
0.000010 0.086303 0.000010 0.000010 0.000010 0.000010 0.000010 0.692645 0.000711 0.000010 0.019540 0.200701 0.000010 0.000010 0.000010
0.000010 0.000010 0.000010 0.000010 0.000010 0.000010 0.000010 0.999860 0.000010 0.000010 0.000010 0.000010 0.000010 0.000010 0.000010
0.000010 0.000010 0.000010 0.022539 0.011505 0.109513 0.000010 0.741200 0.000010 0.000010 0.000010 0.081697 0.000010 0.033456 0.000010
0.000010 0.000010 0.000010 0.000010 0.000010 0.000010 0.000010 0.967049 0.032821 0.000010 0.000010 0.000010 0.000010 0.000010 0.000010
0.000010 0.109870 0.000010 0.000010 0.012142 0.000010 0.000010 0.686889 0.034699 0.000010 0.029488 0.126821 0.000010 0.000010 0.000010
0.097487 0.086613 0.000010 0.761216 0.000010 0.000010 0.000010 0.008053 0.000010 0.000010 0.000010 0.018708 0.000010 0.027833 0.000010
0.000010 0.000010 0.000010 0.866023 0.123787 0.000010 0.003499 0.000010 0.000010 0.000010 0.006581 0.000010 0.000010 0.000010 0.000010
0.000010 0.000010 0.000010 0.746556 0.000010 0.014230 0.000010 0.000010 0.000010 0.000010 0.081945 0.157159 0.000010 0.000010 0.000010
0.000010 0.147955 0.000010 0.753301 0.024683 0.000010 0.000010 0.000010 0.000010 0.000010 0.073950 0.000010 0.000010 0.000010 0.000010
0.000010 0.000010 0.000010 0.999860 0.000010 0.000010 0.000010 0.000010 0.000010 0.000010 0.000010 0.000010 0.000010 0.000010 0.000010
0.000010 0.000010 0.000010 0.999860 0.000010 0.000010 0.000010 0.000010 0.000010 0.000010 0.000010 0.000010 0.000010 0.000010 0.000010
0.000010 0.000010 0.000010 0.999860 0.000010 0.000010 0.000010 0.000010 0.000010 0.000010 0.000010 0.000010 0.000010 0.000010 0.000010
0.000010 0.000010 0.000010 0.908922 0.000010 0.000010 0.000010 0.037853 0.000010 0.000010 0.053105 0.000010 0.000010 0.000010 0.000010
0.000010 0.000010 0.000010 0.999860 0.000010 0.000010 0.000010 0.000010 0.000010 0.000010 0.000010 0.000010 0.000010 0.000010 0.000010
0.000010 0.000010 0.000010 0.999860 0.000010 0.000010 0.000010 0.000010 0.000010 0.000010 0.000010 0.000010 0.000010 0.000010 0.000010
0.000010 0.010424 0.000010 0.776890 0.068299 0.000010 0.000010 0.000010 0.000010 0.000010 0.080581 0.063706 0.000010 0.000010 0.000010
0.000010 0.000010 0.000010 0.857729 0.000010 0.000010 0.000010 0.000010 0.020884 0.000010 0.026343 0.094933 0.000010 0.000010 0.000010
0.000010 0.000010 0.009853 0.761104 0.153980 0.000010 0.000010 0.000010 0.000010 0.013623 0.061339 0.000010 0.000010 0.000010 0.000010
0.000010 0.000010 0.000010 0.701132 0.132890 0.031063 0.000010 0.000010 0.000010 0.000010 0.056171 0.046095 0.000010 0.032559 0.000010
0.000010 0.000010 0.000010 0.921922 0.000010 0.000010 0.000010 0.000010 0.000010 0.000010 0.000010 0.076528 0.000010 0.001430 0.000010
0.000010 0.000010 0.000010 0.909450 0.050599 0.000010 0.000010 0.000010 0.000010 0.000010 0.000010 0.000010 0.039831 0.000010 0.000010
0.000010 0.000010 0.000010 0.000010 0.000010 0.000010 0.000010 0.000010 0.000010 0.000010 0.000010 0.999860 0.000010 0.000010 0.000010
0.000010 0.000010 0.000010 0.999860 0.000010 0.000010 0.000010 0.000010 0.000010 0.000010 0.000010 0.000010 0.000010 0.000010 0.000010
0.030001 0.083832 0.000010 0.802605 0.000010 0.050114 0.000010 0.000010 0.000010 0.000010 0.000010 0.033349 0.000010 0.000010 0.000010
0.008259 0.002251 0.000010 0.670934 0.102053 0.000010 0.046714 0.044439 0.000010 0.000010 0.057504 0.056526 0.011260 0.000010 0.000010
0.000010 0.000010 0.000010 0.000010 0.000010 0.000010 0.000010 0.000010 0.000010 0.000010 0.000010 0.000010 0.000010 0.000010 0.999860
0.000010 0.000010 0.000010 0.000010 0.000010 0.000010 0.032106 0.000010 0.000010 0.000010 0.000010 0.000010 0.000010 0.000010 0.967764
0.000010 0.000010 0.000010 0.000010 0.000010 0.000010 0.000010 0.000010 0.002131 0.000010 0.000010 0.000010 0.000010 0.000010 0.997739
0.000010 0.000010 0.000010 0.000010 0.000010 0.000010 0.000010 0.000010 0.000010 0.000010 0.000010 0.000010 0.000010 0.000010 0.999860
0.000010 0.000010 0.000010 0.000010 0.000010 0.000010 0.000010 0.000010 0.000010 0.000010 0.000010 0.000010 0.000010 0.000010 0.999860
0.000010 0.000010 0.000010 0.000010 0.000010 0.000010 0.000010 0.000010 0.000010 0.000010 0.000010 0.000010 0.000010 0.000010 0.999860
0.000010 0.000010 0.000010 0.000010 0.000010 0.000010 0.000010 0.000010 0.000010 0.000010 0.000010 0.000010 0.000010 0.000010 0.999860
0.000010 0.000010 0.000010 0.000010 0.000010 0.000010 0.000010 0.000010 0.000010 0.000010 0.000010 0.000010 0.000010 0.000010 0.999860
0.000010 0.000010 0.000010 0.000010 0.000010 0.000010 0.000010 0.000010 0.000010 0.000010 0.000010 0.000010 0.000010 0.000010 0.999860
0.000010 0.000010 0.022260 0.000010 0.000010 0.000010 0.000010 0.000010 0.000010 0.030206 0.000010 0.000010 0.000010 0.000010 0.947414
0.000010 0.000010 0.000010 0.000010 0.000010 0.000010 0.000010 0.000010 0.000010 0.000010 0.000010 0.000010 0.020453 0.000010 0.979417
0.000010 0.000010 0.000010 0.000010 0.000010 0.000010 0.000010 0.000010 0.000010 0.000010 0.000010 0.000010 0.064153 0.000010 0.935717
0.000010 0.000010 0.000010 0.000010 0.000010 0.000010 0.000010 0.000010 0.000010 0.000010 0.000010 0.000010 0.000010 0.000010 0.999860
0.000010 0.000010 0.000010 0.000010 0.000010 0.000010 0.024106 0.000010 0.000010 0.000010 0.000010 0.000010 0.000010 0.000010 0.975764
0.000010 0.000010 0.000010 0.000010 0.000010 0.000010 0.000010 0.000010 0.000010 0.039968 0.000010 0.000010 0.000010 0.000010 0.959902
0.000010 0.000010 0.000010 0.000010 0.000010 0.000010 0.000010 0.000010 0.000010 0.000010 0.000010 0.000010 0.000010 0.000010 0.999860
0.000010 0.000010 0.000010 0.000010 0.000010 0.000010 0.000010 0.000010 0.000010 0.000010 0.000010 0.000010 0.000010 0.000010 0.999860
0.000010 0.000010 0.000010 0.000010 0.000010 0.000010 0.000010 0.000010 0.000010 0.000010 0.000010 0.000010 0.000010 0.000010 0.999860
0.000010 0.000010 0.000010 0.000010 0.000010 0.000010 0.000010 0.000010 0.000010 0.135921 0.000010 0.000010 0.000010 0.000010 0.863949
0.000010 0.000010 0.000010 0.000010 0.000010 0.000010 0.005177 0.000010 0.000010 0.000010 0.000010 0.000010 0.000010 0.000010 0.994693
0.000010 0.000010 0.000010 0.000010 0.000010 0.000010 0.000010 0.000010 0.000019 0.000010 0.000010 0.000010 0.000010 0.000010 0.999851
0.000010 0.000010 0.000010 0.000010 0.000010 0.000010 0.000010 0.000010 0.000010 0.000010 0.000010 0.000010 0.000010 0.000010 0.999860
0.000010 0.000010 0.000010 0.000010 0.000010 0.000010 0.000010 0.000010 0.000010 0.000010 0.000010 0.000010 0.000010 0.000010 0.999860
0.000010 0.000010 0.000010 0.000010 0.000010 0.000010 0.000010 0.000010 0.000010 0.022379 0.000010 0.000010 0.000010 0.000010 0.977491
0.000010 0.000010 0.000010 0.000010 0.000010 0.000010 0.070310 0.000010 0.000069 0.000010 0.000010 0.000010 0.000010 0.000010 0.929502
0.000010 0.000010 0.000010 0.000010 0.000010 0.000010 0.109118 0.000010 0.000010 0.000010 0.000010 0.000010 0.000010 0.000010 0.890752
0.000010 0.000010 0.000010 0.000010 0.000010 0.000010 0.000010 0.000010 0.000010 0.000010 0.000010 0.000010 0.000010 0.000010 0.999860
0.000010 0.000010 0.000012 0.000010 0.000010 0.000010 0.038009 0.000010 0.000010 0.000010 0.000010 0.000010 0.039748 0.000010 0.922122
0.000010 0.000010 0.000010 0.000010 0.000010 0.000010 0.000010 0.000010 0.021104 0.000010 0.000010 0.000010 0.000010 0.000010 0.978766
0.764039 0.000010 0.000010 0.000010 0.000010 0.000010 0.000010 0.000010 0.000010 0.000010 0.109079 0.094354 0.032418 0.000010 0.000010
0.727624 0.000010 0.000010 0.000010 0.006123 0.058175 0.021663 0.000012 0.000010 0.000010 0.186313 0.000010 0.000010 0.000010 0.000010
0.838648 0.000010 0.012836 0.000010 0.000010 0.000010 0.000010 0.000010 0.000010 0.000010 0.135850 0.012555 0.000010 0.000010 0.000010
0.000010 0.000010 0.000010 0.000010 0.000010 0.000010 0.000010 0.000010 0.000010 0.000010 0.999860 0.000010 0.000010 0.000010 0.000010
0.770682 0.000010 0.000010 0.000010 0.000010 0.000010 0.000010 0.000010 0.000010 0.000010 0.152995 0.062806 0.013407 0.000010 0.000010
0.772945 0.000010 0.019173 0.000010 0.026290 0.000010 0.000010 0.000010 0.000010 0.003214 0.168011 0.010277 0.000010 0.000010 0.000010
0.616431 0.071575 0.000010 0.033714 0.000010 0.000010 0.000010 0.000010 0.000010 0.000010 0.236552 0.041629 0.000010 0.000010 0.000010
0.740760 0.000010 0.022223 0.000010 0.012197 0.000010 0.000010 0.000012 0.000010 0.030189 0.194528 0.000010 0.000010 0.000010 0.000010
0.697656 0.000010 0.000010 0.033027 0.058659 0.000010 0.000010 0.000010 0.000010 0.000010 0.150312 0.046673 0.013583 0.000010 0.000010
0.712666 0.000010 0.000010 0.108756 0.000010 0.021481 0.000010 0.091026 0.025380 0.000010 0.040600 0.000010 0.000010 0.000010 0.000010
0.622730 0.000010 0.000010 0.035792 0.012481 0.017365 0.000010 0.128844 0.000010 0.028712 0.031191 0.121842 0.000010 0.000984 0.000010
0.000010 0.000010 0.000010 0.000010 0.000010 0.000010 0.000010 0.000010 0.000010 0.000010 0.999860 0.000010 0.000010 0.000010 0.000010
0.788633 0.092421 0.000010 0.022032 0.013982 0.049110 0.000010 0.000010 0.000010 0.000010 0.000010 0.000010 0.000010 0.033732 0.000010
0.696409 0.023066 0.000010 0.010207 0.044177 0.011806 0.000010 0.123673 0.000010 0.000010 0.050881 0.026910 0.005744 0.000010 0.007077
0.785396 0.000010 0.014777 0.093870 0.030974 0.062837 0.000010 0.000010 0.000010 0.000010 0.000010 0.000010 0.012056 0.000010 0.000010
0.845248 0.000010 0.000010 0.000010 0.006986 0.069019 0.000010 0.019990 0.000010 0.000010 0.038897 0.019770 0.000010 0.000010 0.000010
0.781606 0.076343 0.000010 0.069450 0.000010 0.000010 0.000010 0.028664 0.043837 0.000010 0.000010 0.000010 0.000010 0.000010 0.000010
0.823888 0.000010 0.000010 0.000010 0.000010 0.014618 0.000010 0.092578 0.000010 0.000010 0.020944 0.000010 0.047872 0.000010 0.000010
0.834936 0.000010 0.000010 0.000010 0.000010 0.018053 0.000010 0.063826 0.000010 0.000010 0.044279 0.000010 0.038806 0.000010 0.000010
0.796325 0.000010 0.000010 0.000010 0.019667 0.000010 0.000010 0.000010 0.000010 0.000010 0.135771 0.031682 0.016456 0.000010 0.000010
0.711416 0.000010 0.000010 0.052860 0.041662 0.035457 0.027892 0.081111 0.000010 0.000010 0.030653 0.018878 0.000010 0.000010 0.000010
0.944778 0.000010 0.000010 0.000010 0.000010 0.000010 0.055092 0.000010 0.000010 0.000010 0.000010 0.000010 0.000010 0.000010 0.000010
0.771933 0.000010 0.000010 0.000010 0.049126 0.041459 0.025548 0.000010 0.000010 0.000010 0.063724 0.048120 0.000010 0.000010 0.000010
0.861285 0.000010 0.000010 0.000010 0.000010 0.000010 0.000010 0.000010 0.000010 0.000010 0.048035 0.090560 0.000010 0.000010 0.000010
0.733699 0.000010 0.000010 0.000010 0.049558 0.000010 0.028022 0.000010 0.000010 0.000010 0.100055 0.074830 0.013747 0.000010 0.000010
0.674568 0.000010 0.000010 0.043617 0.123586 0.065970 0.000010 0.020638 0.000010 0.000010 0.042916 0.028625 0.000010 0.000010 0.000010
0.714445 0.000010 0.000010 0.078773 0.000010 0.041435 0.000010 0.000010 0.000010 0.000010 0.034013 0.088710 0.000010 0.042534 0.000010
0.728706 0.000010 0.000010 0.000010 0.010887 0.000010 0.000010 0.123075 0.044070 0.000010 0.093162 0.000010 0.000010 0.000010 0.000010
0.779363 0.000010 0.000010 0.094511 0.000010 0.023967 0.000010 0.030993 0.000010 0.000010 0.012586 0.040446 0.000010 0.018053 0.000010
0.806266 0.025178 0.000010 0.000010 0.000010 0.000010 0.000010 0.110335 0.000010 0.000010 0.038360 0.019760 0.000010 0.000010 0.000010
0.650319 0.000010 0.000010 0.108835 0.081937 0.000010 0.015819 0.025102 0.000010 0.000010 0.117899 0.000010 0.000010 0.000010 0.000010
0.671678 0.002438 0.000010 0.132843 0.043594 0.091684 0.000010 0.000010 0.000010 0.000010 0.038698 0.000010 0.000010 0.000010 0.018985
0.858085 0.000010 0.005819 0.036394 0.000010 0.044545 0.000010 0.009487 0.000010 0.018726 0.026864 0.000010 0.000010 0.000010 0.000010
0.759484 0.067107 0.000010 0.011953 0.010909 0.097886 0.009054 0.014169 0.000010 0.029368 0.000010 0.000010 0.000010 0.000010 0.000010
0.767583 0.000010 0.014370 0.044784 0.100723 0.053788 0.000010 0.000010 0.000010 0.014265 0.000010 0.004407 0.000010 0.000010 0.000010
0.636505 0.000010 0.000010 0.051081 0.041311 0.081287 0.000010 0.000010 0.000010 0.000010 0.109544 0.053696 0.000010 0.026496 0.000010
0.673552 0.042959 0.000010 0.028056 0.025572 0.063681 0.000010 0.000010 0.000010 0.000010 0.097014 0.046088 0.000010 0.023006 0.000010
0.732814 0.000010 0.000010 0.056765 0.033334 0.083193 0.016140 0.000010 0.032187 0.000010 0.000437 0.045061 0.000010 0.000010 0.000010
0.707920 0.014661 0.000010 0.063230 0.000010 0.097141 0.000010 0.000010 0.027464 0.004870 0.033063 0.051581 0.000010 0.000010 0.000010
0.809904 0.105517 0.000010 0.000010 0.000010 0.057412 0.000010 0.000010 0.000010 0.000010 0.004690 0.022377 0.000010 0.000010 0.000010
0.001321 0.038333 0.065495 0.053822 0.012944 0.094223 0.015143 0.042644 0.020809 0.009184 0.069741 0.542880 0.011278 0.008551 0.013631
0.691842 0.000010 0.000010 0.000016 0.054356 0.120167 0.000010 0.000010 0.000010 0.000010 0.016700 0.072776 0.044063 0.000010 0.000010
0.682629 0.007415 0.000010 0.112463 0.000010 0.038282 0.047267 0.000619 0.000010 0.000010 0.043298 0.059712 0.008255 0.000010 0.000010
0.814289 0.141358 0.000010 0.000010 0.000010 0.000010 0.000010 0.000010 0.000010 0.036909 0.000010 0.007334 0.000010 0.000010 0.000010
0.000010 0.000010 0.000010 0.000010 0.000010 0.000010 0.000010 0.000010 0.000010 0.000010 0.000010 0.000010 0.999860 0.000010 0.000010
0.000010 0.000010 0.000010 0.000010 0.000010 0.000010 0.000010 0.000010 0.000010 0.000010 0.000010 0.000010 0.999860 0.000010 0.000010
0.000010 0.000010 0.000010 0.000010 0.000010 0.000010 0.000010 0.000010 0.000010 0.000010 0.000010 0.000010 0.999860 0.000010 0.000010
0.000010 0.000010 0.000010 0.000010 0.000011 0.000010 0.000010 0.000010 0.000010 0.000010 0.000010 0.000010 0.999859 0.000010 0.000010
0.000010 0.000010 0.000010 0.000010 0.000010 0.000014 0.000010 0.000010 0.000010 0.000010 0.000010 0.000010 0.999856 0.000010 0.000010
0.000010 0.000011 0.000010 0.000010 0.000010 0.000010 0.000010 0.000010 0.000010 0.000011 0.000010 0.000010 0.999858 0.000010 0.000010
0.000010 0.000010 0.000010 0.000010 0.000011 0.000010 0.000010 0.000010 0.000010 0.000010 0.000010 0.000010 0.999859 0.000010 0.000010
0.000010 0.000010 0.000010 0.000010 0.000010 0.000010 0.000010 0.000010 0.000010 0.000010 0.000010 0.000010 0.999860 0.000010 0.000010
0.000010 0.045077 0.000010 0.000010 0.022938 0.000010 0.155998 0.000010 0.000010 0.000010 0.000010 0.000010 0.775876 0.000010 0.000010
0.000010 0.000010 0.000010 0.000010 0.000010 0.000010 0.000010 0.000010 0.999860 0.000010 0.000010 0.000010 0.000010 0.000010 0.000010
0.000010 0.000010 0.999860 0.000010 0.000010 0.000010 0.000010 0.000010 0.000010 0.000010 0.000010 0.000010 0.000010 0.000010 0.000010
0.000010 0.000010 0.421830 0.000010 0.000010 0.000010 0.000010 0.000010 0.574081 0.000010 0.000010 0.000010 0.000010 0.003969 0.000010
0.000010 0.000010 0.724690 0.000010 0.000010 0.000010 0.000010 0.000010 0.000010 0.000010 0.000010 0.000010 0.000010 0.275180 0.000010
0.000010 0.000010 0.000010 0.000010 0.000010 0.000010 0.000010 0.000010 0.000010 0.000010 0.000010 0.000010 0.000010 0.999860 0.000010
0.000010 0.000010 0.364804 0.000010 0.000010 0.000016 0.000010 0.000010 0.459744 0.000010 0.000010 0.000010 0.000010 0.175325 0.000010
0.000010 0.000010 0.999860 0.000010 0.000010 0.000010 0.000010 0.000010 0.000010 0.000010 0.000010 0.000010 0.000010 0.000010 0.000010
0.000010 0.000010 0.000010 0.000010 0.000010 0.000010 0.000010 0.000010 0.999860 0.000010 0.000010 0.000010 0.000010 0.000010 0.000010
0.000010 0.000010 0.999860 0.000010 0.000010 0.000010 0.000010 0.000010 0.000010 0.000010 0.000010 0.000010 0.000010 0.000010 0.000010
0.000010 0.000010 0.000010 0.000010 0.000010 0.000010 0.000010 0.000010 0.999860 0.000010 0.000010 0.000010 0.000010 0.000010 0.000010
0.000010 0.000010 0.000010 0.000010 0.000010 0.000010 0.000010 0.000010 0.999860 0.000010 0.000010 0.000010 0.000010 0.000010 0.000010
0.000010 0.000010 0.000010 0.000010 0.000010 0.000010 0.000010 0.000010 0.999860 0.000010 0.000010 0.000010 0.000010 0.000010 0.000010
0.000010 0.000010 0.582979 0.000010 0.000010 0.000010 0.000010 0.000010 0.416891 0.000010 0.000010 0.000010 0.000010 0.000010 0.000010
0.000010 0.000010 0.671431 0.000010 0.000010 0.000010 0.000010 0.000010 0.328439 0.000010 0.000010 0.000010 0.000010 0.000010 0.000010
0.000010 0.000010 0.000010 0.000010 0.000010 0.000010 0.000010 0.000010 0.999860 0.000010 0.000010 0.000010 0.000010 0.000010 0.000010
0.000010 0.000010 0.508053 0.000010 0.000010 0.000010 0.000010 0.000010 0.109955 0.000010 0.000010 0.000010 0.000010 0.381873 0.000010
0.000010 0.000010 0.000010 0.000010 0.000010 0.000010 0.000010 0.000010 0.000010 0.000010 0.000010 0.000010 0.000010 0.999860 0.000010
0.000010 0.000010 0.000010 0.000010 0.000010 0.000010 0.000010 0.000010 0.999860 0.000010 0.000010 0.000010 0.000010 0.000010 0.000010
0.000010 0.000010 0.000010 0.000010 0.000010 0.000010 0.000010 0.000010 0.000010 0.000010 0.000010 0.000010 0.000010 0.999860 0.000010
0.000010 0.000010 0.999860 0.000010 0.000010 0.000010 0.000010 0.000010 0.000010 0.000010 0.000010 0.000010 0.000010 0.000010 0.000010
0.000010 0.000010 0.000010 0.000010 0.000010 0.000010 0.000010 0.000010 0.000010 0.000010 0.000010 0.000010 0.000010 0.999860 0.000010
0.000010 0.000010 0.999860 0.000010 0.000010 0.000010 0.000010 0.000010 0.000010 0.000010 0.000010 0.000010 0.000010 0.000010 0.000010
0.000010 0.000010 0.999860 0.000010 0.000010 0.000010 0.000010 0.000010 0.000010 0.000010 0.000010 0.000010 0.000010 0.000010 0.000010
0.000010 0.000010 0.000010 0.000010 0.000010 0.000010 0.000010 0.000010 0.000010 0.000010 0.000010 0.000010 0.000010 0.999860 0.000010
0.000010 0.000010 0.999860 0.000010 0.000010 0.000010 0.000010 0.000010 0.000010 0.000010 0.000010 0.000010 0.000010 0.000010 0.000010
0.000010 0.000010 0.000010 0.000010 0.999860 0.000010 0.000010 0.000010 0.000010 0.000010 0.000010 0.000010 0.000010 0.000010 0.000010
0.000010 0.061912 0.000010 0.113565 0.550173 0.000010 0.006615 0.000010 0.000010 0.000010 0.112439 0.139358 0.000010 0.015858 0.000010
0.039957 0.000010 0.000010 0.046798 0.655163 0.000010 0.000010 0.082236 0.000010 0.000010 0.064691 0.067188 0.011694 0.032202 0.000010
0.000010 0.000010 0.000010 0.000010 0.801088 0.000010 0.000010 0.000010 0.034165 0.000010 0.057108 0.105848 0.001690 0.000010 0.000010
0.000010 0.000010 0.000010 0.000010 0.999860 0.000010 0.000010 0.000010 0.000010 0.000010 0.000010 0.000010 0.000010 0.000010 0.000010
0.000010 0.000010 0.000010 0.000010 0.829374 0.000010 0.000010 0.000010 0.000010 0.000010 0.000010 0.169639 0.000866 0.000010 0.000010
0.021361 0.108654 0.050141 0.073356 0.505367 0.036237 0.000010 0.023132 0.000010 0.000010 0.094949 0.086744 0.000010 0.000010 0.000010
0.000010 0.000010 0.000010 0.000010 0.999860 0.000010 0.000010 0.000010 0.000010 0.000010 0.000010 0.000010 0.000010 0.000010 0.000010
0.000010 0.000010 0.000010 0.000010 0.999860 0.000010 0.000010 0.000010 0.000010 0.000010 0.000010 0.000010 0.000010 0.000010 0.000010
0.000010 0.000010 0.000010 0.000010 0.999860 0.000010 0.000010 0.000010 0.000010 0.000010 0.000010 0.000010 0.000010 0.000010 0.000010
0.000010 0.140956 0.000010 0.000010 0.552990 0.000010 0.000010 0.102643 0.000010 0.000010 0.051268 0.152043 0.000010 0.000010 0.000010
0.000010 0.035861 0.035912 0.000010 0.756981 0.088409 0.019110 0.000010 0.000010 0.000010 0.063637 0.000010 0.000010 0.000010 0.000010
0.000010 0.000010 0.019519 0.000010 0.000010 0.000010 0.166775 0.000010 0.000010 0.690614 0.000010 0.000010 0.122983 0.000010 0.000010
0.000010 0.000010 0.009789 0.000010 0.000010 0.000010 0.187227 0.000010 0.000010 0.749810 0.000010 0.000010 0.038569 0.000010 0.014505
0.000010 0.000010 0.036138 0.000010 0.000010 0.000010 0.000010 0.000010 0.000010 0.862856 0.000010 0.000010 0.070676 0.000010 0.030220
0.000010 0.000010 0.000010 0.000010 0.000010 0.000010 0.000010 0.000010 0.051876 0.947994 0.000010 0.000010 0.000010 0.000010 0.000010
0.000010 0.000010 0.000010 0.000010 0.000010 0.000010 0.188766 0.000010 0.053669 0.757445 0.000010 0.000010 0.000010 0.000010 0.000010
0.000010 0.000010 0.000010 0.000010 0.000010 0.000010 0.092123 0.000010 0.000010 0.811659 0.000010 0.000010 0.059813 0.036295 0.000010
0.000010 0.000010 0.000010 0.000010 0.000010 0.000010 0.113620 0.000010 0.000010 0.798102 0.000010 0.000010 0.088158 0.000010 0.000010
0.000010 0.000010 0.000010 0.000010 0.000010 0.000010 0.239650 0.000010 0.000010 0.654926 0.000010 0.000010 0.066031 0.039283 0.000010
0.000010 0.000010 0.000010 0.000010 0.000010 0.000010 0.393728 0.000010 0.000010 0.591232 0.000010 0.000010 0.000010 0.014919 0.000010
0.000010 0.000010 0.001489 0.000010 0.000010 0.000010 0.320750 0.000010 0.000010 0.579856 0.000010 0.000010 0.097795 0.000010 0.000010
0.000010 0.000010 0.000010 0.000010 0.000010 0.000010 0.137711 0.000010 0.000010 0.782840 0.000010 0.000010 0.079329 0.000010 0.000010
0.000010 0.000010 0.000010 0.000010 0.000010 0.000010 0.000010 0.000010 0.000010 0.000010 0.000010 0.000010 0.999860 0.000010 0.000010
0.000010 0.000010 0.004821 0.000010 0.000010 0.000010 0.268330 0.000010 0.000010 0.653010 0.000010 0.000010 0.073729 0.000010 0.000010
0.000010 0.000010 0.000010 0.000010 0.000010 0.000010 0.000010 0.000010 0.013823 0.956718 0.000010 0.000010 0.000010 0.000010 0.029339
0.000010 0.000010 0.000010 0.000010 0.000010 0.000010 0.000010 0.000010 0.000010 0.747754 0.000010 0.000010 0.178191 0.000010 0.073934
0.000010 0.000010 0.000010 0.000010 0.000010 0.000010 0.000010 0.000010 0.000010 0.000010 0.000010 0.000010 0.999860 0.000010 0.000010
0.000010 0.000010 0.000010 0.000010 0.000010 0.000010 0.147477 0.000010 0.000010 0.837047 0.000010 0.000010 0.000010 0.015357 0.000010
0.000010 0.000010 0.000010 0.000010 0.000010 0.000010 0.335279 0.000010 0.000010 0.535003 0.000010 0.000010 0.104789 0.024819 0.000010
0.000010 0.000010 0.000010 0.000010 0.000010 0.000010 0.000010 0.000010 0.003476 0.996394 0.000010 0.000010 0.000010 0.000010 0.000010
0.000010 0.000010 0.000010 0.000010 0.000010 0.000010 0.000010 0.000010 0.000010 0.540816 0.000010 0.000010 0.459054 0.000010 0.000010
0.000010 0.000010 0.012067 0.000010 0.000010 0.000010 0.155774 0.000010 0.000010 0.832039 0.000010 0.000010 0.000010 0.000010 0.000010
0.000010 0.000010 0.000010 0.000010 0.000010 0.000010 0.000010 0.000010 0.000010 0.999860 0.000010 0.000010 0.000010 0.000010 0.000010
0.000010 0.000010 0.018645 0.000010 0.000010 0.000010 0.000010 0.000010 0.000010 0.973207 0.000010 0.000010 0.000010 0.000010 0.008028
0.000010 0.000010 0.000010 0.000010 0.000010 0.000010 0.000010 0.000010 0.000010 0.991049 0.000010 0.000010 0.000010 0.000010 0.008821
0.000010 0.000010 0.000010 0.000010 0.000010 0.000010 0.041475 0.000010 0.000010 0.923150 0.000010 0.000010 0.000010 0.000010 0.035255
0.000010 0.000010 0.000010 0.000010 0.000010 0.000010 0.092162 0.000010 0.000010 0.864182 0.000010 0.000010 0.029294 0.000010 0.014252
0.000010 0.000010 0.000010 0.000010 0.000010 0.000010 0.000010 0.000010 0.000010 0.947489 0.000010 0.000010 0.052381 0.000010 0.000010
0.000010 0.000010 0.000010 0.000010 0.000010 0.000010 0.106602 0.000010 0.008237 0.722125 0.000010 0.000010 0.086090 0.000010 0.076845
0.000010 0.000010 0.000010 0.000010 0.000010 0.000010 0.000010 0.000010 0.000010 0.731049 0.000010 0.000010 0.144953 0.034314 0.089574
0.000010 0.000010 0.000010 0.000010 0.000010 0.000010 0.128912 0.000010 0.000010 0.772363 0.000010 0.000010 0.096405 0.002210 0.000010
0.000010 0.000010 0.000010 0.000010 0.000010 0.000010 0.000010 0.000010 0.000010 0.999860 0.000010 0.000010 0.000010 0.000010 0.000010
0.000010 0.000010 0.000010 0.000010 0.000010 0.000010 0.062386 0.000010 0.019928 0.803134 0.000010 0.000010 0.114442 0.000010 0.000010
0.000010 0.000010 0.000010 0.000010 0.000010 0.000010 0.999860 0.000010 0.000010 0.000010 0.000010 0.000010 0.000010 0.000010 0.000010
0.000010 0.000010 0.000010 0.000010 0.000010 0.000010 0.999860 0.000010 0.000010 0.000010 0.000010 0.000010 0.000010 0.000010 0.000010
0.000010 0.000010 0.000010 0.000010 0.000010 0.000010 0.678471 0.000010 0.000010 0.000010 0.000010 0.000010 0.000010 0.000585 0.320824
0.000010 0.000010 0.000010 0.000010 0.000010 0.000010 0.769130 0.000010 0.000010 0.000010 0.000010 0.000010 0.000010 0.000010 0.230740
0.000010 0.000010 0.000010 0.000010 0.000010 0.000010 0.999860 0.000010 0.000010 0.000010 0.000010 0.000010 0.000010 0.000010 0.000010
0.000010 0.000010 0.000010 0.000010 0.000010 0.000010 0.531367 0.000010 0.000010 0.182900 0.000010 0.000010 0.000010 0.031678 0.253945
0.000010 0.000010 0.000010 0.000010 0.000010 0.000010 0.363558 0.000010 0.033474 0.384986 0.000010 0.000010 0.000010 0.000010 0.217872
0.000010 0.000010 0.010589 0.000010 0.000010 0.000010 0.396401 0.000010 0.000010 0.268112 0.000010 0.000010 0.000010 0.000010 0.324789
0.000010 0.000010 0.000010 0.000010 0.000010 0.000010 0.999860 0.000010 0.000010 0.000010 0.000010 0.000010 0.000010 0.000010 0.000010
0.000010 0.000010 0.000010 0.000010 0.000010 0.000010 0.903294 0.000010 0.000010 0.000010 0.000010 0.000010 0.000010 0.000010 0.096576
0.000010 0.000010 0.000010 0.000010 0.000010 0.000010 0.857997 0.000010 0.000010 0.000010 0.000010 0.000010 0.000010 0.000010 0.141873
0.000010 0.000010 0.000010 0.000010 0.000010 0.000010 0.187124 0.000010 0.000010 0.000010 0.000010 0.000010 0.122312 0.000010 0.690443
0.000010 0.000010 0.000010 0.000010 0.000010 0.000010 0.999860 0.000010 0.000010 0.000010 0.000010 0.000010 0.000010 0.000010 0.000010
0.000010 0.000010 0.000010 0.000010 0.000010 0.000010 0.849278 0.000010 0.000010 0.000010 0.000010 0.000010 0.000010 0.000010 0.150592
0.000010 0.000010 0.000010 0.000010 0.000010 0.000010 0.580372 0.000010 0.000010 0.104373 0.000010 0.000010 0.000010 0.047166 0.267979
0.000010 0.000010 0.000010 0.000010 0.000010 0.000010 0.321216 0.000010 0.025277 0.303083 0.000010 0.000010 0.019429 0.012030 0.318875
0.000010 0.000010 0.000010 0.000010 0.000010 0.000010 0.901248 0.000010 0.000010 0.000010 0.000010 0.000010 0.000010 0.000010 0.098622
0.000010 0.000010 0.000010 0.000010 0.000010 0.000010 0.669435 0.000010 0.013226 0.317219 0.000010 0.000010 0.000010 0.000010 0.000010
0.000010 0.000010 0.000010 0.000010 0.000010 0.000010 0.999860 0.000010 0.000010 0.000010 0.000010 0.000010 0.000010 0.000010 0.000010
0.000010 0.000010 0.000010 0.000010 0.000010 0.000010 0.744868 0.000010 0.000010 0.000010 0.000010 0.000010 0.110326 0.000010 0.144686
0.000010 0.000010 0.000010 0.000010 0.000010 0.000010 0.374287 0.000010 0.033070 0.310227 0.000010 0.000010 0.109393 0.000010 0.172923
0.000010 0.000010 0.000010 0.000010 0.000010 0.000010 0.565616 0.000010 0.000010 0.231663 0.000010 0.000010 0.000010 0.000010 0.202601
0.000010 0.000010 0.000010 0.000010 0.000010 0.000010 0.291478 0.000010 0.000010 0.025831 0.000010 0.000010 0.103059 0.000010 0.579522
0.000010 0.000010 0.025073 0.000010 0.000010 0.000010 0.291469 0.000010 0.000010 0.219389 0.000010 0.000010 0.082070 0.000010 0.381900
0.000010 0.000010 0.000010 0.000010 0.000010 0.000010 0.999860 0.000010 0.000010 0.000010 0.000010 0.000010 0.000010 0.000010 0.000010
0.000010 0.000010 0.041573 0.000010 0.000010 0.000010 0.740549 0.000010 0.000010 0.000010 0.000010 0.000010 0.138426 0.000010 0.079341
0.000010 0.000010 0.000010 0.000010 0.000010 0.000010 0.428234 0.000010 0.000010 0.262765 0.000010 0.000010 0.105800 0.004547 0.198554
0.000010 0.000010 0.000010 0.000010 0.000010 0.000010 0.216047 0.000010 0.000010 0.206185 0.000010 0.000010 0.000010 0.001213 0.576444
0.000010 0.000010 0.000010 0.000010 0.000010 0.000010 0.809244 0.000010 0.009414 0.000010 0.000010 0.000010 0.051041 0.000010 0.130191
0.000010 0.000010 0.000010 0.000010 0.000010 0.000010 0.439648 0.000010 0.000010 0.000010 0.000010 0.000010 0.000010 0.000010 0.560222
