0.000010 0.991787 0.008193 0.000010
0.000010 0.998302 0.000010 0.001678
0.000010 0.962575 0.004484 0.032931
0.000010 0.991797 0.000646 0.007547
0.000010 0.999598 0.000010 0.000382
0.000010 0.999970 0.000010 0.000010
0.000010 0.987361 0.000010 0.012619
0.000010 0.999970 0.000010 0.000010
0.000010 0.874581 0.102072 0.023337
0.072588 0.927392 0.000010 0.000010
0.000010 0.985310 0.000010 0.014670
0.000010 0.666852 0.333128 0.000010
0.001237 0.610932 0.386697 0.001134
0.000010 0.565981 0.433999 0.000010
0.011158 0.896784 0.092047 0.000010
0.011679 0.905034 0.083277 0.000010
0.000010 0.800233 0.190832 0.008925
0.049287 0.863079 0.087623 0.000010
0.044160 0.823417 0.132413 0.000010
0.000010 0.938235 0.042244 0.019511
0.002659 0.832256 0.149457 0.015628
0.000010 0.885685 0.102626 0.011680
0.030809 0.870652 0.098529 0.000010
0.000010 0.786750 0.171005 0.042235
0.020434 0.897114 0.082442 0.000010
0.037223 0.888442 0.046841 0.027495
0.037498 0.856729 0.097467 0.008306
0.028083 0.798397 0.155282 0.018238
0.000010 0.860407 0.122521 0.017062
0.023270 0.794643 0.131468 0.050619
0.020191 0.851590 0.128209 0.000010
0.055686 0.702627 0.241676 0.000010
0.000010 0.774688 0.204270 0.021033
0.000010 0.798995 0.166694 0.034301
0.005144 0.860573 0.134273 0.000010
0.006028 0.800313 0.166722 0.026938
0.000010 0.828233 0.136442 0.035315
0.043650 0.729350 0.226990 0.000010
0.012973 0.753035 0.220337 0.013656
0.046519 0.735908 0.210882 0.006691
0.000729 0.824947 0.157589 0.016735
0.000010 0.764200 0.216230 0.019560
0.035639 0.829435 0.134916 0.000010
0.024562 0.771896 0.203532 0.000010
0.026958 0.751570 0.221463 0.000010
0.046830 0.737787 0.215373 0.000010
0.017455 0.837107 0.140020 0.005418
0.026875 0.773934 0.199181 0.000010
0.036605 0.754915 0.208470 0.000010
0.019033 0.734651 0.246306 0.000010
0.001563 0.817253 0.181174 0.000010
0.043152 0.793086 0.163751 0.000010
0.045717 0.790767 0.163506 0.000010
0.051854 0.754414 0.193722 0.000010
0.053372 0.504597 0.442020 0.000010
0.036794 0.571855 0.383506 0.007845
0.008759 0.520287 0.451452 0.019502
0.018113 0.528189 0.442997 0.010701
0.036309 0.647780 0.315901 0.000010
0.038344 0.523516 0.438129 0.000010
0.006235 0.588926 0.379205 0.025634
0.011440 0.594986 0.377695 0.015879
0.050205 0.570920 0.378865 0.000010
0.046205 0.560765 0.393020 0.000010
0.011571 0.523241 0.431644 0.033544
0.038851 0.494299 0.447140 0.019710
0.041773 0.541607 0.413940 0.002679
0.052685 0.537344 0.409961 0.000010
0.043986 0.497171 0.458833 0.000010
0.033444 0.588361 0.333294 0.044901
0.086801 0.048261 0.725840 0.139098
0.028360 0.558639 0.393428 0.019572
0.030127 0.548449 0.417683 0.003741
0.036072 0.535771 0.403704 0.024453
0.000010 0.000010 0.000010 0.999970
0.000010 0.000010 0.000010 0.999970
0.000010 0.000010 0.000010 0.999970
0.000010 0.000010 0.000010 0.999970
0.000010 0.000010 0.000010 0.999970
0.000010 0.000010 0.000010 0.999970
0.000010 0.000010 0.000010 0.999970
0.000010 0.000010 0.000010 0.999970
0.000010 0.000010 0.000010 0.999970
0.000010 0.000010 0.000010 0.999970
0.000010 0.000010 0.000010 0.999970
0.000010 0.000010 0.000010 0.999970
0.000010 0.000010 0.000010 0.999970
0.009163 0.000010 0.000010 0.990817
0.000010 0.000010 0.000010 0.999970
0.000010 0.000010 0.000010 0.999970
0.000010 0.000010 0.000010 0.999970
0.000010 0.000010 0.000010 0.999970
0.000010 0.000010 0.000010 0.999970
0.000010 0.000010 0.000010 0.999970
0.004273 0.000010 0.000010 0.995707
0.011787 0.000010 0.000010 0.988193
0.000010 0.000010 0.000010 0.999970
0.000010 0.000010 0.000010 0.999970
0.009287 0.000010 0.000010 0.990693
0.000010 0.000010 0.000010 0.999970
0.000010 0.000010 0.000010 0.999970
0.021594 0.000010 0.000010 0.978386
0.000010 0.000010 0.000010 0.999970
0.000010 0.019583 0.980397 0.000010
0.000010 0.016639 0.983341 0.000010
0.000010 0.000010 0.999970 0.000010
0.002938 0.000010 0.997042 0.000010
0.000010 0.000010 0.999970 0.000010
0.002160 0.000010 0.997820 0.000010
0.000010 0.061779 0.938201 0.000010
0.022172 0.000010 0.973333 0.004485
0.000010 0.049109 0.950871 0.000010
0.015109 0.128760 0.856121 0.000010
0.000010 0.199032 0.784077 0.016881
0.000163 0.000010 0.999817 0.000010
0.007207 0.106987 0.882903 0.002904
0.000010 0.130244 0.865137 0.004609
0.008598 0.085457 0.905935 0.000010
0.000010 0.000788 0.999192 0.000010
0.030416 0.071830 0.897744 0.000010
0.000010 0.049311 0.935769 0.014910
0.000010 0.062901 0.937079 0.000010
0.000010 0.000010 0.999970 0.000010
0.000010 0.138377 0.852850 0.008763
0.000010 0.000010 0.983065 0.016915
0.000010 0.071139 0.923948 0.004903
0.000010 0.000010 0.999970 0.000010
0.000010 0.055455 0.924318 0.020217
0.000010 0.182363 0.817617 0.000010
0.031446 0.089104 0.879440 0.000010
0.032347 0.059749 0.907894 0.000010
0.000010 0.091940 0.908040 0.000010
0.000010 0.065978 0.934002 0.000010
0.000010 0.099270 0.900710 0.000010
0.000010 0.156879 0.829902 0.013209
0.002819 0.027833 0.969337 0.000010
0.000010 0.131655 0.847109 0.021226
0.011465 0.121329 0.867197 0.000010
0.007652 0.138592 0.851880 0.001876
0.010379 0.134504 0.855107 0.000010
0.018342 0.170500 0.811149 0.000010
0.010164 0.133825 0.852079 0.003932
0.000010 0.123766 0.876214 0.000010
0.082664 0.190095 0.685671 0.041570
0.000010 0.186620 0.805747 0.007623
0.000010 0.103970 0.862252 0.033769
0.000010 0.057054 0.929882 0.013053
0.000010 0.071354 0.000010 0.928626
0.002936 0.076303 0.000010 0.920751
0.000010 0.090292 0.000010 0.909688
0.000010 0.047787 0.000010 0.952193
0.000010 0.032737 0.000010 0.967243
0.000010 0.000010 0.000010 0.999970
0.000010 0.054986 0.000010 0.944994
0.000010 0.054824 0.000010 0.945156
0.000010 0.132866 0.015243 0.851881
0.999970 0.000010 0.000010 0.000010
0.999970 0.000010 0.000010 0.000010
0.999962 0.000018 0.000010 0.000010
0.999970 0.000010 0.000010 0.000010
0.999970 0.000010 0.000010 0.000010
0.999970 0.000010 0.000010 0.000010
0.999969 0.000011 0.000010 0.000010
0.999970 0.000010 0.000010 0.000010
0.999970 0.000010 0.000010 0.000010
0.999970 0.000010 0.000010 0.000010
0.999970 0.000010 0.000010 0.000010
0.999970 0.000010 0.000010 0.000010
0.999970 0.000010 0.000010 0.000010
0.999970 0.000010 0.000010 0.000010
0.999970 0.000010 0.000010 0.000010
0.999970 0.000010 0.000010 0.000010
0.999970 0.000010 0.000010 0.000010
0.999970 0.000010 0.000010 0.000010
0.999970 0.000010 0.000010 0.000010
0.999970 0.000010 0.000010 0.000010
0.999970 0.000010 0.000010 0.000010
0.999970 0.000010 0.000010 0.000010
0.999970 0.000010 0.000010 0.000010
0.999970 0.000010 0.000010 0.000010
0.999970 0.000010 0.000010 0.000010
0.015900 0.984080 0.000010 0.000010
0.042469 0.750442 0.207079 0.000010
0.062073 0.739591 0.198326 0.000010
0.069462 0.813431 0.117098 0.000010
0.011238 0.934577 0.054175 0.000010
0.037722 0.838657 0.123610 0.000010
0.073001 0.706347 0.220643 0.000010
0.014118 0.985862 0.000010 0.000010
0.026734 0.911233 0.062023 0.000010
0.045699 0.877666 0.076626 0.000010
0.032285 0.853734 0.113971 0.000010
0.077697 0.889753 0.032540 0.000010
0.061899 0.018514 0.000010 0.919576
0.052477 0.022894 0.013548 0.911082
0.066239 0.009943 0.026027 0.897792
0.055538 0.036237 0.000010 0.908215
0.085680 0.039951 0.000010 0.874359
0.065774 0.028949 0.000010 0.905267
0.008920 0.022394 0.000010 0.968676
0.066899 0.010473 0.000010 0.922618
0.071912 0.016152 0.000953 0.910983
0.033662 0.019455 0.000010 0.946874
0.031359 0.019455 0.033781 0.915405
0.000010 0.000010 0.000010 0.999970
0.052041 0.047903 0.000436 0.899620
0.047095 0.021014 0.014791 0.917100
0.035440 0.000010 0.000010 0.964540
0.044569 0.000010 0.000010 0.955411
0.039422 0.048802 0.000010 0.911767
0.058044 0.039489 0.001400 0.901066
0.045334 0.011514 0.000010 0.943142
0.022642 0.012999 0.000010 0.964350
0.046395 0.024884 0.000010 0.928711
0.041274 0.016732 0.000010 0.941984
0.052633 0.027801 0.000010 0.919556
0.028914 0.026029 0.000010 0.945047
0.000010 0.028882 0.014387 0.956721
0.034978 0.048915 0.000010 0.916097
0.022122 0.042549 0.030339 0.904990
0.039049 0.043054 0.000010 0.917887
0.059155 0.033014 0.000010 0.907821
0.038272 0.038368 0.000010 0.923351
0.046819 0.000010 0.026553 0.926618
0.045586 0.025710 0.005499 0.923206
0.045822 0.000010 0.000010 0.954158
0.024222 0.003739 0.000010 0.972029
0.037293 0.000010 0.000010 0.962687
0.016699 0.000017 0.000010 0.983274
0.020905 0.000010 0.000010 0.979075
0.052354 0.000010 0.000010 0.947626
0.052533 0.000010 0.000010 0.947447
0.023309 0.000010 0.000010 0.976671
0.000010 0.000010 0.000010 0.999970
0.000010 0.000010 0.000010 0.999970
0.000969 0.000010 0.000010 0.999011
0.000010 0.000010 0.000010 0.999970
0.027123 0.000010 0.000010 0.972857
0.035812 0.000010 0.000010 0.964168
0.048684 0.000010 0.000010 0.951296
0.062912 0.000010 0.000010 0.937068
0.030331 0.000013 0.000010 0.969646
0.045470 0.000010 0.000010 0.954510
0.047668 0.000010 0.000010 0.952312
0.025721 0.000010 0.000010 0.974259
0.051367 0.000065 0.000010 0.948558
0.031021 0.005298 0.000010 0.963671
0.003838 0.000010 0.000010 0.996142
0.039826 0.000010 0.000010 0.960154
0.037443 0.000010 0.000010 0.962537
0.066749 0.013771 0.000010 0.919469
0.031779 0.000010 0.000010 0.968201
0.007800 0.000010 0.000010 0.992180
0.028002 0.008191 0.000010 0.963797
0.000010 0.000010 0.000010 0.999970
