0.871313 0.000010 0.000010 0.000010 0.116562 0.000010 0.000010 0.012045 0.000010 0.000010 0.000010
0.999900 0.000010 0.000010 0.000010 0.000010 0.000010 0.000010 0.000010 0.000010 0.000010 0.000010
0.999900 0.000010 0.000010 0.000010 0.000010 0.000010 0.000010 0.000010 0.000010 0.000010 0.000010
0.999900 0.000010 0.000010 0.000010 0.000010 0.000010 0.000010 0.000010 0.000010 0.000010 0.000010
0.999900 0.000010 0.000010 0.000010 0.000010 0.000010 0.000010 0.000010 0.000010 0.000010 0.000010
0.999900 0.000010 0.000010 0.000010 0.000010 0.000010 0.000010 0.000010 0.000010 0.000010 0.000010
0.999900 0.000010 0.000010 0.000010 0.000010 0.000010 0.000010 0.000010 0.000010 0.000010 0.000010
0.999900 0.000010 0.000010 0.000010 0.000010 0.000010 0.000010 0.000010 0.000010 0.000010 0.000010
0.972361 0.000010 0.000010 0.000010 0.000010 0.000010 0.000010 0.017519 0.000010 0.000010 0.010040
0.999900 0.000010 0.000010 0.000010 0.000010 0.000010 0.000010 0.000010 0.000010 0.000010 0.000010
0.999900 0.000010 0.000010 0.000010 0.000010 0.000010 0.000010 0.000010 0.000010 0.000010 0.000010
0.350003 0.000010 0.000010 0.000010 0.147039 0.457988 0.000010 0.000010 0.044900 0.000010 0.000010
0.287983 0.000010 0.082284 0.000010 0.125042 0.342002 0.000010 0.000010 0.162628 0.000010 0.000010
0.299683 0.026378 0.019203 0.000010 0.032280 0.423782 0.000010 0.000010 0.198625 0.000010 0.000010
0.000010 0.999900 0.000010 0.000010 0.000010 0.000010 0.000010 0.000010 0.000010 0.000010 0.000010
0.020398 0.979512 0.000010 0.000010 0.000010 0.000010 0.000010 0.000010 0.000010 0.000010 0.000010
0.000010 0.888348 0.000010 0.000010 0.000010 0.058344 0.000010 0.000010 0.053228 0.000010 0.000010
0.029677 0.902551 0.044591 0.000010 0.000010 0.000010 0.000010 0.023111 0.000010 0.000010 0.000010
0.000010 0.985543 0.000010 0.000010 0.000010 0.000010 0.000010 0.014367 0.000010 0.000010 0.000010
0.000010 0.965060 0.034850 0.000010 0.000010 0.000010 0.000010 0.000010 0.000010 0.000010 0.000010
0.000010 0.895148 0.000010 0.000010 0.104762 0.000010 0.000010 0.000010 0.000010 0.000010 0.000010
0.073763 0.926147 0.000010 0.000010 0.000010 0.000010 0.000010 0.000010 0.000010 0.000010 0.000010
0.000010 0.999900 0.000010 0.000010 0.000010 0.000010 0.000010 0.000010 0.000010 0.000010 0.000010
0.000010 0.833159 0.027595 0.000010 0.011467 0.000010 0.000010 0.000010 0.089620 0.000010 0.038098
0.037401 0.804433 0.000010 0.000010 0.158085 0.000010 0.000010 0.000010 0.000010 0.000010 0.000010
0.000010 0.989276 0.000010 0.000010 0.000010 0.000010 0.000010 0.010634 0.000010 0.000010 0.000010
0.000010 0.968659 0.000010 0.031251 0.000010 0.000010 0.000010 0.000010 0.000010 0.000010 0.000010
0.000010 0.893950 0.011363 0.000010 0.059183 0.000010 0.000010 0.000010 0.000013 0.000010 0.035430
0.019488 0.980422 0.000010 0.000010 0.000010 0.000010 0.000010 0.000010 0.000010 0.000010 0.000010
0.000010 0.939776 0.000010 0.000010 0.000010 0.000010 0.000010 0.000010 0.000010 0.060134 0.000010
0.055437 0.797364 0.015642 0.000010 0.130155 0.000010 0.000010 0.001342 0.000010 0.000010 0.000010
0.144950 0.375956 0.040540 0.000010 0.266955 0.034020 0.000010 0.040721 0.083395 0.000010 0.013433
0.070120 0.331026 0.147330 0.000010 0.369802 0.018398 0.000010 0.000010 0.050633 0.000010 0.012651
0.070044 0.483679 0.224647 0.001519 0.141534 0.051265 0.000010 0.000010 0.000010 0.005155 0.022127
0.048134 0.613517 0.043057 0.000010 0.265250 0.029983 0.000010 0.000010 0.000010 0.000010 0.000010
0.072670 0.186020 0.058435 0.000010 0.590973 0.042933 0.000010 0.000010 0.006657 0.042272 0.000010
0.000010 0.000010 0.000010 0.014148 0.985762 0.000010 0.000010 0.000010 0.000010 0.000010 0.000010
0.092738 0.092296 0.057493 0.000010 0.639988 0.005973 0.000010 0.029187 0.075560 0.000010 0.006734
0.000010 0.220169 0.072225 0.038130 0.620753 0.000010 0.000010 0.000010 0.048663 0.000010 0.000010
0.000010 0.000010 0.000010 0.000010 0.956122 0.000010 0.000010 0.000010 0.000010 0.000010 0.043788
0.000010 0.000010 0.000010 0.000010 0.999900 0.000010 0.000010 0.000010 0.000010 0.000010 0.000010
0.007890 0.215538 0.029260 0.000010 0.590312 0.073006 0.000010 0.000010 0.066149 0.000010 0.017806
0.000010 0.000010 0.000010 0.000010 0.993366 0.000010 0.000010 0.006544 0.000010 0.000010 0.000010
0.000980 0.106503 0.146631 0.000010 0.673500 0.003283 0.000010 0.000010 0.061443 0.007619 0.000010
0.066752 0.000010 0.000010 0.052991 0.880177 0.000010 0.000010 0.000010 0.000010 0.000010 0.000010
0.000010 0.000010 0.000010 0.000010 0.974685 0.000010 0.000010 0.025225 0.000010 0.000010 0.000010
0.016106 0.018275 0.153885 0.000010 0.787280 0.003200 0.000010 0.000010 0.000010 0.021203 0.000010
0.000010 0.148186 0.085570 0.000010 0.640553 0.094490 0.000010 0.006384 0.024768 0.000010 0.000010
0.000010 0.231829 0.021715 0.000010 0.669242 0.051139 0.000010 0.020782 0.005243 0.000010 0.000010
0.000010 0.084203 0.000010 0.000010 0.904541 0.000010 0.000010 0.000010 0.011176 0.000010 0.000010
0.081181 0.000010 0.067683 0.000010 0.851056 0.000010 0.000010 0.000010 0.000010 0.000010 0.000010
0.103278 0.000010 0.060471 0.000010 0.770803 0.038171 0.000010 0.027217 0.000010 0.000010 0.000010
0.000010 0.000010 0.000010 0.000010 0.971360 0.000010 0.000010 0.028550 0.000010 0.000010 0.000010
0.000010 0.078341 0.088629 0.000010 0.800504 0.000010 0.000010 0.032457 0.000010 0.000010 0.000010
0.000010 0.094537 0.000010 0.000010 0.015874 0.800684 0.000010 0.022725 0.066120 0.000010 0.000010
0.000010 0.000010 0.093970 0.020546 0.000010 0.885404 0.000010 0.000010 0.000010 0.000010 0.000010
0.010372 0.002229 0.000010 0.000010 0.116574 0.771837 0.000010 0.000010 0.086408 0.000010 0.012530
0.000010 0.161769 0.000010 0.000010 0.000010 0.790258 0.000010 0.000010 0.047892 0.000010 0.000010
0.000010 0.000010 0.000010 0.000010 0.000010 0.999900 0.000010 0.000010 0.000010 0.000010 0.000010
0.000010 0.000010 0.000010 0.000010 0.000010 0.999900 0.000010 0.000010 0.000010 0.000010 0.000010
0.000010 0.000010 0.000010 0.000010 0.000010 0.999900 0.000010 0.000010 0.000010 0.000010 0.000010
0.000010 0.000010 0.000010 0.000010 0.000010 0.996826 0.000010 0.000010 0.000010 0.000010 0.003084
0.000010 0.000010 0.000010 0.000010 0.000010 0.999900 0.000010 0.000010 0.000010 0.000010 0.000010
0.000010 0.000010 0.000010 0.000010 0.000010 0.999900 0.000010 0.000010 0.000010 0.000010 0.000010
0.000010 0.045008 0.096419 0.000010 0.000012 0.834433 0.000010 0.001265 0.022813 0.000010 0.000010
0.000010 0.000010 0.001298 0.011366 0.000010 0.966594 0.000010 0.020672 0.000010 0.000010 0.000010
0.000010 0.000010 0.146580 0.000010 0.000010 0.782895 0.000010 0.000461 0.050292 0.000010 0.019712
0.031660 0.013343 0.131788 0.012044 0.000010 0.744288 0.000010 0.022569 0.044269 0.000010 0.000010
0.000010 0.000010 0.000010 0.000010 0.000010 0.999900 0.000010 0.000010 0.000010 0.000010 0.000010
0.000010 0.000010 0.048477 0.000010 0.000010 0.933133 0.000010 0.000010 0.000010 0.018311 0.000010
0.000010 0.000010 0.000010 0.067191 0.000010 0.763517 0.000010 0.000010 0.000010 0.169212 0.000010
0.000010 0.000010 0.000010 0.000010 0.000010 0.999900 0.000010 0.000010 0.000010 0.000010 0.000010
0.044204 0.108077 0.000010 0.000010 0.000010 0.842517 0.000010 0.000010 0.005131 0.000010 0.000010
0.000010 0.000010 0.107863 0.000010 0.071452 0.694174 0.000010 0.000010 0.063886 0.062566 0.000010
0.000010 0.000010 0.000010 0.035844 0.000010 0.000010 0.964066 0.000010 0.000010 0.000010 0.000010
0.000010 0.000010 0.000010 0.000010 0.000010 0.000010 0.964067 0.000010 0.000010 0.035843 0.000010
0.000010 0.000010 0.000010 0.000010 0.000010 0.000010 0.999900 0.000010 0.000010 0.000010 0.000010
0.000010 0.000010 0.000010 0.000010 0.000010 0.000010 0.999900 0.000010 0.000010 0.000010 0.000010
0.000010 0.000010 0.000010 0.000010 0.000010 0.000010 0.999900 0.000010 0.000010 0.000010 0.000010
0.000010 0.000010 0.000010 0.000010 0.000010 0.000010 0.999900 0.000010 0.000010 0.000010 0.000010
0.000010 0.000010 0.000010 0.000010 0.000010 0.000010 0.999900 0.000010 0.000010 0.000010 0.000010
0.000010 0.000010 0.000010 0.000010 0.000010 0.000010 0.999900 0.000010 0.000010 0.000010 0.000010
0.000010 0.000010 0.000010 0.044034 0.000010 0.000010 0.955876 0.000010 0.000010 0.000010 0.000010
0.000010 0.000010 0.000010 0.000010 0.000010 0.000010 0.908421 0.000010 0.000010 0.000010 0.091489
0.000010 0.000010 0.000010 0.000010 0.000010 0.000010 0.999900 0.000010 0.000010 0.000010 0.000010
0.000010 0.000010 0.000010 0.000010 0.000010 0.000010 0.989552 0.000010 0.000010 0.000010 0.010358
0.000010 0.000010 0.000010 0.038248 0.000010 0.000010 0.961662 0.000010 0.000010 0.000010 0.000010
0.000010 0.000010 0.000010 0.000010 0.000010 0.000010 0.999900 0.000010 0.000010 0.000010 0.000010
0.000010 0.000010 0.000010 0.000010 0.000010 0.000010 0.964823 0.000010 0.000010 0.000010 0.035087
0.000010 0.000010 0.000010 0.000010 0.000010 0.000010 0.999900 0.000010 0.000010 0.000010 0.000010
0.000010 0.000010 0.000010 0.000010 0.000010 0.000010 0.999900 0.000010 0.000010 0.000010 0.000010
0.000010 0.000010 0.000010 0.000010 0.000010 0.000010 0.999900 0.000010 0.000010 0.000010 0.000010
0.000010 0.000010 0.000010 0.000010 0.000010 0.000010 0.866706 0.000010 0.000010 0.000010 0.133204
0.000010 0.000010 0.000010 0.000010 0.000010 0.000010 0.999900 0.000010 0.000010 0.000010 0.000010
0.000010 0.000010 0.000010 0.000010 0.000010 0.000010 0.999900 0.000010 0.000010 0.000010 0.000010
0.000010 0.000010 0.000010 0.000011 0.000010 0.000010 0.999899 0.000010 0.000010 0.000010 0.000010
0.000010 0.000010 0.000010 0.000010 0.000010 0.000010 0.999900 0.000010 0.000010 0.000010 0.000010
0.000010 0.000010 0.000010 0.000010 0.000010 0.000010 0.977238 0.000010 0.000010 0.000010 0.022672
0.000010 0.000010 0.000010 0.000010 0.000010 0.000010 0.914792 0.000010 0.000010 0.085118 0.000010
0.000010 0.000010 0.000010 0.000010 0.000010 0.000010 0.880807 0.000010 0.000010 0.119103 0.000010
0.000010 0.000010 0.000010 0.000010 0.000010 0.000010 0.999900 0.000010 0.000010 0.000010 0.000010
0.000010 0.000010 0.000010 0.000010 0.000010 0.000010 0.911015 0.001520 0.000010 0.087386 0.000010
0.000010 0.000010 0.000010 0.000010 0.000010 0.000010 0.982605 0.017305 0.000010 0.000010 0.000010
0.000010 0.000010 0.000010 0.000010 0.048704 0.048287 0.000010 0.011267 0.891672 0.000010 0.000010
0.058649 0.000010 0.001080 0.025878 0.000010 0.000010 0.000010 0.000010 0.914321 0.000013 0.000010
0.000010 0.000010 0.000010 0.025362 0.000010 0.000010 0.000010 0.000010 0.974548 0.000010 0.000010
0.035694 0.000010 0.000010 0.031402 0.000010 0.000010 0.000011 0.004682 0.928151 0.000010 0.000010
0.000010 0.000010 0.000010 0.015424 0.000010 0.027325 0.000010 0.000010 0.957171 0.000010 0.000010
0.000010 0.000010 0.034379 0.022328 0.000010 0.000010 0.000010 0.008182 0.935042 0.000010 0.000010
0.010552 0.076913 0.000010 0.000801 0.000010 0.053501 0.000010 0.000010 0.858173 0.000010 0.000010
0.000010 0.000010 0.012563 0.000010 0.000010 0.000010 0.000010 0.007945 0.930182 0.000010 0.049239
0.000010 0.000928 0.061769 0.000010 0.000010 0.064692 0.000010 0.000010 0.872541 0.000010 0.000010
0.019379 0.003708 0.000010 0.019092 0.075681 0.119284 0.000010 0.012108 0.750709 0.000010 0.000010
0.005474 0.000010 0.031164 0.042292 0.226689 0.043697 0.000010 0.000010 0.650634 0.000010 0.000010
0.038397 0.000010 0.000010 0.000010 0.000010 0.000010 0.000010 0.013706 0.947817 0.000010 0.000010
0.046749 0.081955 0.030755 0.000010 0.000010 0.031170 0.000010 0.014335 0.783894 0.011102 0.000010
0.013652 0.011776 0.050234 0.000010 0.138168 0.029312 0.004608 0.000010 0.741991 0.000010 0.010229
0.054438 0.000010 0.038901 0.000010 0.000010 0.095466 0.000010 0.000010 0.775290 0.035846 0.000010
0.066252 0.000010 0.009210 0.000010 0.035627 0.000010 0.001710 0.000010 0.884670 0.000010 0.002482
0.000010 0.089903 0.000010 0.000010 0.017219 0.085313 0.000010 0.038854 0.768651 0.000010 0.000010
0.025587 0.000010 0.013221 0.043548 0.073494 0.000010 0.000010 0.000010 0.843244 0.000856 0.000010
0.026796 0.000010 0.000010 0.067455 0.025620 0.000010 0.000010 0.000010 0.880059 0.000010 0.000010
0.000010 0.000010 0.030222 0.000010 0.000010 0.020787 0.000010 0.000010 0.942901 0.000010 0.006020
0.017583 0.000010 0.061600 0.035293 0.092984 0.056524 0.000010 0.000010 0.735967 0.000010 0.000010
0.000010 0.000010 0.000010 0.080221 0.000010 0.000010 0.000010 0.000010 0.919689 0.000010 0.000010
0.047403 0.000010 0.064157 0.000010 0.000010 0.000010 0.000010 0.000010 0.852903 0.035468 0.000010
0.023013 0.000010 0.000010 0.000010 0.061283 0.000010 0.000010 0.000010 0.915624 0.000010 0.000010
0.000010 0.000010 0.065189 0.000010 0.039382 0.000010 0.000010 0.000010 0.848635 0.046724 0.000010
0.068596 0.000010 0.138191 0.015146 0.015328 0.043574 0.000010 0.000010 0.719115 0.000010 0.000010
0.044670 0.000010 0.004186 0.000010 0.062665 0.080815 0.000010 0.040259 0.767355 0.000010 0.000010
0.007760 0.000010 0.014361 0.043164 0.102040 0.000010 0.000010 0.020947 0.811677 0.000010 0.000010
0.020991 0.000010 0.000010 0.000010 0.063681 0.111500 0.000010 0.000010 0.789168 0.000010 0.014601
0.000010 0.000010 0.000010 0.008300 0.142878 0.000010 0.000010 0.000010 0.848742 0.000010 0.000010
0.000010 0.000010 0.096281 0.025230 0.000010 0.118794 0.000010 0.000010 0.759625 0.000010 0.000010
0.075552 0.009806 0.054556 0.033782 0.000010 0.132610 0.000010 0.000010 0.693645 0.000010 0.000010
0.045681 0.002557 0.000010 0.000019 0.000010 0.054301 0.000010 0.002183 0.873408 0.000010 0.021810
0.092582 0.067259 0.017058 0.010969 0.000010 0.024480 0.000010 0.000010 0.756349 0.009721 0.021553
0.044478 0.000010 0.108157 0.005958 0.000010 0.051775 0.000010 0.000010 0.758461 0.000010 0.031119
0.082332 0.000010 0.047733 0.000010 0.038087 0.062320 0.000010 0.005626 0.741002 0.022861 0.000010
0.067509 0.077450 0.017627 0.000010 0.007381 0.026285 0.000010 0.021335 0.782374 0.000010 0.000010
0.071888 0.000010 0.058138 0.029944 0.014913 0.090903 0.000010 0.009604 0.713315 0.011264 0.000010
0.096917 0.028281 0.000010 0.000010 0.010513 0.086345 0.000010 0.004699 0.740724 0.000010 0.032482
0.012770 0.157842 0.000010 0.000010 0.000010 0.000010 0.000010 0.000010 0.829308 0.000010 0.000010
0.094796 0.013451 0.012783 0.129380 0.019707 0.048330 0.025285 0.577020 0.024625 0.006520 0.048103
0.107171 0.000010 0.063235 0.000010 0.065632 0.009935 0.000010 0.000010 0.723589 0.000010 0.030388
0.043615 0.000010 0.000010 0.053044 0.060352 0.114735 0.000010 0.000010 0.719890 0.008314 0.000010
0.000010 0.150384 0.000010 0.046388 0.000010 0.000010 0.000010 0.000010 0.803149 0.000010 0.000010
0.000010 0.000010 0.000010 0.999900 0.000010 0.000010 0.000010 0.000010 0.000010 0.000010 0.000010
0.000010 0.000010 0.000010 0.999900 0.000010 0.000010 0.000010 0.000010 0.000010 0.000010 0.000010
0.000010 0.000010 0.000010 0.999900 0.000010 0.000010 0.000010 0.000010 0.000010 0.000010 0.000010
0.000010 0.000010 0.000010 0.999900 0.000010 0.000010 0.000010 0.000010 0.000010 0.000010 0.000010
0.000011 0.000010 0.000010 0.999898 0.000010 0.000010 0.000010 0.000011 0.000010 0.000010 0.000010
0.000010 0.000010 0.000010 0.999900 0.000010 0.000010 0.000010 0.000010 0.000010 0.000010 0.000010
0.000010 0.000010 0.000010 0.999900 0.000010 0.000010 0.000010 0.000010 0.000010 0.000010 0.000010
0.000010 0.000010 0.000010 0.999900 0.000010 0.000010 0.000010 0.000010 0.000010 0.000010 0.000010
0.000010 0.051828 0.000010 0.746786 0.000010 0.000010 0.000010 0.000010 0.000010 0.201306 0.000010
0.000010 0.000010 0.000010 0.000010 0.000010 0.000010 0.000010 0.999900 0.000010 0.000010 0.000010
0.000010 0.000010 0.000010 0.000010 0.000010 0.000010 0.000010 0.999900 0.000010 0.000010 0.000010
0.000010 0.000010 0.000010 0.000010 0.000010 0.000010 0.000010 0.999900 0.000010 0.000010 0.000010
0.000010 0.000010 0.000010 0.000010 0.000010 0.000010 0.000010 0.999900 0.000010 0.000010 0.000010
0.000010 0.000010 0.000010 0.000010 0.000010 0.000010 0.000010 0.999900 0.000010 0.000010 0.000010
0.000010 0.000010 0.000010 0.000010 0.000010 0.000010 0.000010 0.999900 0.000010 0.000010 0.000010
0.000010 0.000010 0.000010 0.000010 0.000010 0.000010 0.000010 0.999900 0.000010 0.000010 0.000010
0.000010 0.000010 0.000010 0.000010 0.000010 0.000010 0.000010 0.999900 0.000010 0.000010 0.000010
0.000010 0.000010 0.000010 0.000010 0.000010 0.000010 0.000010 0.999900 0.000010 0.000010 0.000010
0.000010 0.000010 0.000010 0.000010 0.000010 0.000010 0.000010 0.999900 0.000010 0.000010 0.000010
0.000010 0.000010 0.000010 0.000010 0.000010 0.000010 0.000010 0.999900 0.000010 0.000010 0.000010
0.000010 0.000010 0.000010 0.000010 0.000010 0.000010 0.000010 0.999900 0.000010 0.000010 0.000010
0.000010 0.000010 0.000010 0.000010 0.000010 0.000010 0.000010 0.999900 0.000010 0.000010 0.000010
0.000010 0.000010 0.000010 0.000010 0.000010 0.000010 0.000010 0.999900 0.000010 0.000010 0.000010
0.000010 0.000010 0.000010 0.000010 0.000010 0.000010 0.000010 0.999900 0.000010 0.000010 0.000010
0.000010 0.000010 0.000010 0.000010 0.000010 0.000010 0.000010 0.999900 0.000010 0.000010 0.000010
0.000010 0.000010 0.000010 0.000010 0.000010 0.000010 0.000010 0.999900 0.000010 0.000010 0.000010
0.000010 0.000010 0.000010 0.000010 0.000010 0.000010 0.000010 0.999900 0.000010 0.000010 0.000010
0.000010 0.000010 0.000010 0.000010 0.000010 0.000010 0.000010 0.999900 0.000010 0.000010 0.000010
0.000010 0.000010 0.000010 0.000010 0.000010 0.000010 0.000010 0.999900 0.000010 0.000010 0.000010
0.000010 0.000010 0.000010 0.000010 0.000010 0.000010 0.000010 0.999900 0.000010 0.000010 0.000010
0.000010 0.000010 0.000010 0.000010 0.000010 0.000010 0.000010 0.999900 0.000010 0.000010 0.000010
0.000010 0.000010 0.000010 0.000010 0.000010 0.000010 0.000010 0.999900 0.000010 0.000010 0.000010
0.000010 0.000010 0.000010 0.000010 0.000010 0.000010 0.000010 0.999900 0.000010 0.000010 0.000010
0.000010 0.000010 0.000010 0.000010 0.000010 0.000010 0.000010 0.999900 0.000010 0.000010 0.000010
0.000010 0.000010 0.999900 0.000010 0.000010 0.000010 0.000010 0.000010 0.000010 0.000010 0.000010
0.016353 0.075721 0.565514 0.000010 0.082700 0.115772 0.000010 0.016164 0.114895 0.012851 0.000010
0.000010 0.000010 0.677933 0.023847 0.100858 0.054883 0.000010 0.023650 0.118780 0.000010 0.000010
0.000010 0.000010 0.957109 0.000010 0.000010 0.000010 0.000018 0.025054 0.000010 0.017749 0.000010
0.000010 0.000010 0.999900 0.000010 0.000010 0.000010 0.000010 0.000010 0.000010 0.000010 0.000010
0.000010 0.000010 0.969778 0.030132 0.000010 0.000010 0.000010 0.000010 0.000010 0.000010 0.000010
0.041471 0.121026 0.514213 0.000010 0.093963 0.054967 0.000010 0.052002 0.122319 0.000010 0.000010
0.000010 0.000010 0.999900 0.000010 0.000010 0.000010 0.000010 0.000010 0.000010 0.000010 0.000010
0.000010 0.000010 0.999900 0.000010 0.000010 0.000010 0.000010 0.000010 0.000010 0.000010 0.000010
0.000010 0.000010 0.999900 0.000010 0.000010 0.000010 0.000010 0.000010 0.000010 0.000010 0.000010
0.000010 0.171567 0.594688 0.000010 0.229970 0.000010 0.000010 0.003705 0.000010 0.000010 0.000010
0.094116 0.043056 0.806709 0.000010 0.000010 0.000010 0.000010 0.029494 0.000010 0.026566 0.000010
0.000010 0.000010 0.000010 0.126783 0.000010 0.000010 0.000010 0.001228 0.000010 0.146293 0.725625
0.000010 0.000010 0.000010 0.061034 0.000010 0.000010 0.077518 0.000010 0.000010 0.000010 0.861368
0.000010 0.000010 0.000010 0.000010 0.000010 0.000010 0.017676 0.000010 0.000010 0.000010 0.982234
0.000010 0.000010 0.000010 0.222967 0.000010 0.000010 0.000010 0.026090 0.000010 0.116522 0.634352
0.000010 0.000010 0.000010 0.000010 0.000010 0.000010 0.017825 0.034874 0.000010 0.000010 0.947221
0.000010 0.000010 0.000010 0.166631 0.000010 0.000010 0.024388 0.028262 0.000010 0.000010 0.780650
0.000010 0.000010 0.000010 0.000010 0.000010 0.000010 0.000010 0.000010 0.000010 0.274156 0.725754
0.000010 0.000010 0.000010 0.000010 0.000010 0.000010 0.062353 0.009815 0.000010 0.000010 0.927752
0.000010 0.000010 0.000010 0.000010 0.000010 0.000010 0.000010 0.000281 0.000010 0.314692 0.684947
0.000010 0.000010 0.000010 0.228778 0.000010 0.000010 0.000017 0.000010 0.000010 0.407939 0.363196
0.000010 0.000010 0.000010 0.023627 0.000010 0.000010 0.000010 0.000010 0.000010 0.165288 0.811005
0.000010 0.000010 0.000010 0.000010 0.000010 0.000010 0.000010 0.000010 0.000010 0.239852 0.760058
0.000010 0.000010 0.000010 0.000010 0.000010 0.000010 0.000010 0.000010 0.000010 0.231583 0.768327
0.000010 0.000010 0.000010 0.074606 0.000010 0.000010 0.052566 0.000010 0.000010 0.000010 0.872748
0.000010 0.000010 0.000010 0.000010 0.000010 0.000010 0.035138 0.000010 0.000010 0.000010 0.964772
0.000010 0.000010 0.000010 0.000010 0.000010 0.000010 0.000010 0.000010 0.000010 0.360678 0.639232
0.000010 0.000010 0.000010 0.201092 0.000010 0.000010 0.001993 0.000010 0.000010 0.118961 0.677884
0.000010 0.000010 0.000010 0.110893 0.000010 0.000010 0.000010 0.012197 0.000010 0.289271 0.587569
0.000010 0.000010 0.000010 0.177538 0.000010 0.000010 0.021932 0.000010 0.000010 0.000010 0.800451
0.000010 0.000010 0.000010 0.000010 0.000010 0.000010 0.000010 0.000010 0.000010 0.326659 0.673251
0.000010 0.000010 0.000010 0.000010 0.000010 0.000010 0.000010 0.000010 0.000010 0.000010 0.999900
0.000010 0.000010 0.000010 0.493459 0.000010 0.000010 0.008558 0.000010 0.000010 0.018155 0.479759
0.000010 0.000010 0.000010 0.102020 0.000010 0.000010 0.033014 0.000010 0.000010 0.000010 0.864886
0.000010 0.000010 0.000010 0.186587 0.000010 0.000010 0.021791 0.000010 0.000010 0.000010 0.791542
0.000010 0.000010 0.000010 0.181560 0.000010 0.000010 0.000011 0.000010 0.000010 0.224202 0.594157
0.000010 0.000010 0.000010 0.220470 0.000010 0.000010 0.003871 0.000019 0.000010 0.145206 0.630373
0.000010 0.000010 0.000010 0.000010 0.000010 0.000010 0.000010 0.000010 0.000010 0.000010 0.999900
0.000010 0.000010 0.000010 0.165977 0.000010 0.000010 0.079581 0.000010 0.000010 0.090377 0.663995
0.000010 0.000010 0.000010 0.000010 0.000010 0.000010 0.079356 0.013643 0.000010 0.000010 0.906921
0.000010 0.000010 0.000010 0.145101 0.000010 0.000010 0.000010 0.000010 0.000010 0.147116 0.707702
0.000010 0.000010 0.000010 0.536985 0.000010 0.000010 0.000010 0.000010 0.000010 0.000010 0.462925
0.000010 0.000010 0.000010 0.000010 0.000010 0.000010 0.000010 0.000010 0.000010 0.000010 0.999900
0.000010 0.000010 0.000010 0.000010 0.000010 0.000010 0.000010 0.000010 0.000010 0.999900 0.000010
0.000010 0.000010 0.000010 0.000010 0.000010 0.000010 0.000010 0.000010 0.000010 0.999900 0.000010
0.000010 0.000010 0.000010 0.000010 0.000010 0.000010 0.347712 0.000010 0.000010 0.477263 0.174945
0.000010 0.000010 0.000010 0.110744 0.000010 0.000010 0.244482 0.000010 0.000010 0.644694 0.000010
0.000010 0.000010 0.000010 0.121653 0.000010 0.000010 0.000010 0.000010 0.000010 0.878257 0.000010
0.000010 0.000010 0.000010 0.042155 0.000010 0.000010 0.264993 0.024190 0.000010 0.459122 0.209480
0.000010 0.000010 0.000010 0.024243 0.000010 0.000010 0.247355 0.021141 0.000010 0.237033 0.470168
0.000010 0.000010 0.000010 0.000010 0.000010 0.000010 0.306542 0.000010 0.000010 0.376095 0.317283
0.000010 0.000010 0.000010 0.000010 0.000010 0.000010 0.000010 0.000010 0.000010 0.999900 0.000010
0.000010 0.000010 0.000010 0.000010 0.000010 0.000010 0.053607 0.000010 0.000010 0.946303 0.000010
0.000010 0.000010 0.000010 0.000010 0.000010 0.000010 0.160362 0.000010 0.000010 0.639359 0.200199
0.000010 0.000010 0.000010 0.000010 0.000010 0.000010 0.690239 0.000010 0.000010 0.214389 0.095292
0.000010 0.000010 0.000010 0.000010 0.000010 0.000010 0.000010 0.000010 0.000010 0.999900 0.000010
0.000010 0.000010 0.000010 0.000010 0.000010 0.000010 0.114380 0.000010 0.000010 0.885530 0.000010
0.000010 0.000010 0.000010 0.000010 0.000010 0.000010 0.268085 0.026813 0.000010 0.577744 0.127289
0.000010 0.000010 0.000010 0.000010 0.000010 0.000010 0.347169 0.029305 0.000010 0.198713 0.424743
0.000010 0.000010 0.000010 0.000010 0.000010 0.000010 0.046343 0.000010 0.000010 0.953567 0.000010
0.000010 0.000010 0.000010 0.049941 0.000010 0.000010 0.000010 0.001157 0.000010 0.637076 0.311756
0.000010 0.000010 0.000010 0.000010 0.000010 0.000010 0.000010 0.000010 0.000010 0.999900 0.000010
0.000010 0.000010 0.000010 0.000014 0.000010 0.000010 0.167284 0.000010 0.000010 0.535628 0.297003
0.000010 0.000010 0.000010 0.000010 0.000010 0.000010 0.199388 0.011246 0.000010 0.291345 0.497951
0.000010 0.000010 0.000010 0.000010 0.000010 0.000010 0.200519 0.000010 0.000010 0.533986 0.265415
0.000010 0.000010 0.000010 0.148123 0.000010 0.000010 0.594061 0.000010 0.000010 0.257736 0.000010
0.000010 0.000010 0.000010 0.000010 0.000010 0.000010 0.391324 0.008487 0.000010 0.216451 0.383668
0.000010 0.000010 0.000010 0.236381 0.000010 0.000010 0.000010 0.000010 0.000010 0.763529 0.000010
0.000010 0.000010 0.000010 0.064325 0.000010 0.000010 0.105639 0.032407 0.000010 0.556222 0.241346
0.000010 0.000010 0.000010 0.063322 0.000010 0.000010 0.203315 0.000010 0.000010 0.413097 0.320196
0.000010 0.000010 0.000010 0.089130 0.000010 0.000010 0.574093 0.000010 0.000010 0.181121 0.155586
0.000010 0.000010 0.000010 0.142476 0.000018 0.000010 0.136891 0.000010 0.000010 0.720546 0.000010
0.000010 0.000010 0.000010 0.038230 0.000010 0.000010 0.561397 0.000010 0.000010 0.400293 0.000010
